1.174999934078569e-03
8.499999531788140e-04
8.499999531788140e-04
1.174999934269819e-03
1.174999934078569e-03
8.499999531788140e-04
8.499999531788140e-04
1.174999934269819e-03
8.499999531788140e-04
8.499999531788140e-04
1.174999934269819e-03
1.174999934078569e-03
8.499999531788140e-04
8.499999531788140e-04
1.174999934269819e-03
1.174999934078569e-03
4.000000001600002e-04
2.777777778888890e-04
2.777777778888890e-04
2.777777778888892e-04
4.000000001600000e-04
2.777777778888890e-04
2.777777778888892e-04
4.000000001600000e-04
4.000000001600002e-04
4.000000001600002e-04
4.000000001600003e-04
4.000000001600000e-04
4.000000001600002e-04
4.000000001600002e-04
4.000000001600000e-04
4.000000001600002e-04
4.000000001600000e-04
4.000000001600000e-04
4.000000001600002e-04
4.000000001600000e-04
4.000000001599999e-04
4.000000001600002e-04
4.000000001600000e-04
4.000000001599999e-04
4.000000001599999e-04
4.000000001600000e-04
4.000000001599999e-04
4.000000001600000e-04
4.000000001600000e-04
4.000000001600002e-04
4.000000001600000e-04
4.000000001599999e-04
4.000000001600002e-04
4.000000001600002e-04
4.000000001599999e-04
4.000000001599999e-04
4.000000001599999e-04
4.000000001600002e-04
4.000000001600002e-04
4.000000001600000e-04
4.000000001600000e-04
2.777777778888889e-04
2.777777778888890e-04
2.777777778888889e-04
4.000000001600002e-04
2.777777778888890e-04
4.000000001600002e-04
2.777777778888889e-04
2.777777778888889e-04
2.777777778888890e-04
2.777777778888889e-04
2.777777778888889e-04
2.777777778888890e-04
2.777777778888889e-04
2.777777778888889e-04
4.000000001600003e-04
2.777777778888890e-04
2.777777778888889e-04
2.777777778888889e-04
2.777777778888890e-04
2.777777778888889e-04
2.777777778888889e-04
2.777777778888890e-04
2.777777778888889e-04
2.777777778888890e-04
2.777777778888890e-04
4.000000001600002e-04
2.777777778888890e-04
2.777777778888890e-04
4.000000001600002e-04
2.777777778888890e-04
2.777777778888890e-04
2.777777778888889e-04
2.777777778888889e-04
2.777777778888891e-04
2.777777778888889e-04
2.777777778888889e-04
8.000000003200007e-04
2.777777778888889e-04
2.777777778888888e-04
2.777777778888888e-04
2.777777778888890e-04
4.000000001600002e-04
2.777777778888889e-04
2.777777778888889e-04
2.777777778888889e-04
2.777777778888888e-04
2.777777778888888e-04
8.000000003200004e-04
2.777777778888890e-04
2.777777778888890e-04
2.777777778888890e-04
2.777777778888891e-04
2.777777778888890e-04
8.000000003200004e-04
4.000000001600002e-04
8.000000003200000e-04
8.000000003200000e-04
8.000000003200004e-04
8.000000003199997e-04
8.000000003199997e-04
8.000000003200000e-04
8.000000003200000e-04
8.000000003200004e-04
8.000000003199997e-04
8.000000003199997e-04
4.000000001600002e-04
4.000000001600002e-04
4.000000001600002e-04
4.000000001600000e-04
2.777777778888889e-04
2.777777778888889e-04
2.777777778888889e-04
8.000000003200004e-04
4.000000001600000e-04
8.000000003200004e-04
8.000000003200005e-04
8.000000003200000e-04
8.000000003200000e-04
8.000000003200005e-04
8.000000003200005e-04
8.000000003200004e-04
8.000000003200004e-04
8.000000003200005e-04
8.000000003200000e-04
4.000000001600002e-04
8.000000003200000e-04
2.777777778888890e-04
2.777777778888889e-04
2.777777778888889e-04
2.777777778888891e-04
2.777777778888889e-04
2.777777778888889e-04
2.777777778888889e-04
2.777777778888888e-04
2.777777778888888e-04
4.000000001600002e-04
2.777777778888890e-04
2.777777778888889e-04
2.777777778888889e-04
2.777777778888889e-04
2.777777778888888e-04
2.777777778888888e-04
2.777777778888890e-04
2.777777778888890e-04
2.777777778888890e-04
2.777777778888891e-04
5.555555557222226e-04
5.555555557222226e-04
2.777777778611113e-04
2.777777778611113e-04
5.555555557222226e-04
5.555555557222226e-04
5.555555557222226e-04
2.777777778611113e-04
1.388888889305556e-04
2.777777778611113e-04
2.777777778611111e-04
2.777777778611113e-04
2.777777778611113e-04
1.388888889305556e-04
2.380952381666667e-04
5.555555557222223e-04
4.761904763333332e-04
2.380952381666668e-04
4.761904763333334e-04
5.555555557222224e-04
2.777777778611111e-04
9.523809526666662e-04
5.555555557222224e-04
5.555555557222223e-04
4.761904763333334e-04
5.555555557222224e-04
2.777777778611112e-04
4.761904763333339e-04
5.555555557222224e-04
9.523809526666681e-04
2.777777778611112e-04
5.555555557222223e-04
9.523809526666676e-04
2.777777778611110e-04
2.777777778611111e-04
4.761904763333341e-04
5.555555557222220e-04
2.380952381666666e-04
5.555555557222220e-04
5.555555557222220e-04
4.761904763333332e-04
5.555555557222220e-04
5.555555557222220e-04
4.761904763333331e-04
2.777777778611110e-04
2.380952381666667e-04
2.777777778611110e-04
2.777777778611113e-04
5.555555557222226e-04
2.777777778611111e-04
5.555555557222226e-04
2.777777778611111e-04
5.555555557222226e-04
2.777777778611113e-04
5.555555557222226e-04
2.777777778611113e-04
2.777777778611111e-04
5.555555557222226e-04
5.555555557222226e-04
2.777777778611111e-04
5.555555557222226e-04
2.777777778611113e-04
2.777777778611113e-04
2.777777778611107e-04
2.777777778611111e-04
5.555555557222214e-04
5.555555557222214e-04
5.555555557222214e-04
2.777777778611107e-04
2.777777778611113e-04
5.555555557222226e-04
5.555555557222226e-04
5.555555557222226e-04
2.777777778611113e-04
2.777777778611113e-04
2.777777778611111e-04
5.555555557222226e-04
5.555555557222226e-04
5.555555557222226e-04
2.777777778611113e-04
1.388888889305556e-04
2.777777778611113e-04
2.777777778611113e-04
2.777777778611113e-04
1.388888889305556e-04
5.555555557222226e-04
1.388888889305556e-04
1.388888889305556e-04
5.555555557222214e-04
5.555555557222214e-04
5.555555557222214e-04
1.388888889305556e-04
2.777777778611107e-04
2.777777778611113e-04
5.555555557222226e-04
5.555555557222226e-04
5.555555557222226e-04
2.777777778611112e-04
5.555555557222224e-04
5.555555557222224e-04
2.380952381666667e-04
2.777777778611110e-04
5.555555557222224e-04
5.555555557222220e-04
4.761904763333334e-04
4.761904763333334e-04
5.555555557222224e-04
5.555555557222224e-04
2.777777778611113e-04
5.555555557222224e-04
5.555555557222226e-04
4.761904763333332e-04
2.777777778611112e-04
5.555555557222224e-04
2.777777778611110e-04
5.555555557222226e-04
5.555555557222220e-04
2.777777778611113e-04
2.380952381666668e-04
5.555555557222220e-04
5.555555557222220e-04
5.555555557222226e-04
2.777777778611110e-04
5.555555557222226e-04
5.555555557222224e-04
4.761904763333334e-04
2.777777778611113e-04
5.555555557222226e-04
2.777777778611113e-04
5.555555557222226e-04
2.777777778611107e-04
9.523809526666669e-04
5.555555557222226e-04
9.523809526666669e-04
2.777777778611113e-04
2.777777778611112e-04
9.523809526666664e-04
2.777777778611113e-04
4.761904763333336e-04
5.555555557222226e-04
4.761904763333332e-04
5.555555557222226e-04
9.523809526666666e-04
5.555555557222226e-04
9.523809526666663e-04
2.777777778611113e-04
1.388888889305556e-04
2.777777778611110e-04
4.761904763333335e-04
2.777777778611107e-04
4.761904763333335e-04
5.555555557222214e-04
2.777777778611113e-04
9.523809526666672e-04
5.555555557222214e-04
2.777777778611113e-04
9.523809526666669e-04
2.777777778611111e-04
5.555555557222220e-04
5.555555557222214e-04
5.555555557222226e-04
4.761904763333338e-04
2.777777778611111e-04
2.777777778611107e-04
5.555555557222226e-04
4.761904763333332e-04
1.388888889305556e-04
2.777777778611113e-04
5.555555557222226e-04
5.555555557222220e-04
9.523809526666664e-04
2.777777778611111e-04
5.555555557222226e-04
2.777777778611113e-04
9.523809526666662e-04
2.777777778611111e-04
5.555555557222226e-04
1.388888889305556e-04
4.761904763333334e-04
1.388888889305556e-04
5.555555557222220e-04
5.555555557222226e-04
2.777777778611113e-04
4.761904763333332e-04
5.555555557222223e-04
2.777777778611113e-04
2.777777778611113e-04
9.523809526666664e-04
5.555555557222223e-04
2.777777778611113e-04
2.777777778611113e-04
2.777777778611110e-04
9.523809526666662e-04
2.777777778611111e-04
5.555555557222226e-04
1.388888889305556e-04
4.761904763333334e-04
2.777777778611112e-04
5.555555557222226e-04
4.761904763333339e-04
5.555555557222224e-04
2.777777778611113e-04
5.555555557222226e-04
9.523809526666681e-04
5.555555557222224e-04
2.777777778611113e-04
5.555555557222223e-04
9.523809526666676e-04
5.555555557222224e-04
1.388888889305556e-04
5.555555557222226e-04
2.777777778611111e-04
4.761904763333341e-04
2.777777778611112e-04
2.777777778611113e-04
5.555555557222223e-04
2.380952381666666e-04
2.777777778611110e-04
2.777777778611113e-04
5.555555557222226e-04
2.777777778611111e-04
4.761904763333332e-04
5.555555557222220e-04
2.777777778611113e-04
2.777777778611112e-04
4.761904763333331e-04
5.555555557222220e-04
1.388888889305556e-04
5.555555557222226e-04
2.777777778611111e-04
2.380952381666667e-04
5.555555557222220e-04
2.777777778611111e-04
2.777777778611110e-04
5.555555557222223e-04
2.777777778611113e-04
2.777777778611113e-04
5.555555557222214e-04
5.555555557222226e-04
5.555555557222223e-04
2.777777778611111e-04
2.777777778611113e-04
5.555555557222226e-04
1.388888889305556e-04
5.555555557222226e-04
5.555555557222223e-04
5.555555557222226e-04
2.777777778611113e-04
2.777777778611113e-04
2.777777778611113e-04
2.777777778611111e-04
5.555555557222226e-04
5.555555557222226e-04
5.555555557222226e-04
5.555555557222226e-04
2.777777778611112e-04
5.555555557222226e-04
5.555555557222226e-04
2.777777778611113e-04
2.777777778611113e-04
2.777777778611111e-04
2.777777778611113e-04
2.777777778611113e-04
9.523809526666664e-04
2.777777778611107e-04
5.555555557222226e-04
2.777777778611107e-04
5.555555557222214e-04
2.777777778611111e-04
5.555555557222214e-04
2.777777778611107e-04
5.555555557222226e-04
5.555555557222226e-04
5.555555557222226e-04
5.555555557222226e-04
2.777777778611113e-04
2.777777778611113e-04
5.555555557222223e-04
5.555555557222226e-04
5.555555557222226e-04
5.555555557222226e-04
2.777777778611113e-04
1.388888889305556e-04
2.777777778611111e-04
2.777777778611113e-04
2.777777778611113e-04
1.388888889305556e-04
5.555555557222214e-04
1.388888889305556e-04
1.388888889305556e-04
2.777777778611113e-04
5.555555557222214e-04
5.555555557222223e-04
2.777777778611113e-04
9.523809526666666e-04
2.777777778611107e-04
2.777777778611113e-04
2.777777778611111e-04
1.388888889305556e-04
2.777777778611111e-04
1.388888889305556e-04
5.555555557222223e-04
9.523809526666663e-04
5.555555557222226e-04
2.777777778611111e-04
5.555555557222223e-04
2.777777778611112e-04
4.761904763333335e-04
4.761904763333335e-04
5.555555557222226e-04
1.388888889305556e-04
9.523809526666672e-04
2.777777778611111e-04
5.555555557222224e-04
9.523809526666669e-04
2.777777778611111e-04
4.761904763333338e-04
5.555555557222224e-04
2.777777778611111e-04
4.761904763333332e-04
5.555555557222223e-04
5.555555557222224e-04
9.523809526666664e-04
5.555555557222223e-04
9.523809526666662e-04
2.777777778611112e-04
5.555555557222223e-04
4.761904763333334e-04
5.555555557222223e-04
2.777777778611110e-04
4.761904763333332e-04
2.777777778611111e-04
5.555555557222220e-04
9.523809526666664e-04
2.777777778611112e-04
5.555555557222214e-04
2.777777778611113e-04
4.761904763333336e-04
5.555555557222226e-04
2.777777778611113e-04
2.777777778611113e-04
4.761904763333332e-04
1.388888889305556e-04
5.555555557222220e-04
5.555555557222220e-04
2.777777778611110e-04
2.777777778611113e-04
5.555555557222226e-04
5.555555557222226e-04
5.555555557222226e-04
2.777777778611113e-04
2.777777778611113e-04
5.555555557222226e-04
1.388888889305556e-04
5.555555557222226e-04
5.555555557222226e-04
2.777777778611113e-04
2.777777778611107e-04
5.555555557222214e-04
5.555555557222214e-04
5.555555557222214e-04
2.777777778611107e-04
2.777777778611113e-04
5.555555557222226e-04
1.619999909882407e-02