1.234567920124888e-04
1.234567920124889e-04
1.234567920124889e-04
1.234567920124886e-04
1.234567920124889e-04
1.234567920124889e-04
6.172839600624444e-05
6.172839600624454e-05
1.234567920124891e-04
1.234567920124891e-04
1.234567920124890e-04
1.234567920124892e-04
1.234567920124892e-04
1.234567920124889e-04
1.234567920124892e-04
1.234567920124892e-04
6.172839600624458e-05
6.172839600624454e-05
1.234567920124891e-04
1.234567920124891e-04
1.234567920124890e-04
1.234567920124892e-04
1.234567920124892e-04
1.234567920124889e-04
1.234567920124892e-04
1.234567920124892e-04
6.172839600624458e-05
3.086419800312227e-05
6.172839600624454e-05
6.172839600624456e-05
6.172839600624452e-05
6.172839600624458e-05
6.172839600624458e-05
6.172839600624444e-05
6.172839600624458e-05
6.172839600624458e-05
3.086419800312229e-05
3.086419800312226e-05
3.086419800312227e-05
6.172839600624452e-05
1.234567920124890e-04
1.234567920124890e-04
1.234567920124890e-04
1.234567920124891e-04
1.234567920124891e-04
1.234567920124889e-04
1.234567920124891e-04
1.234567920124891e-04
6.172839600624454e-05
6.172839600624452e-05
6.172839600624452e-05
1.234567920124890e-04
1.234567920124891e-04
1.234567920124890e-04
1.234567920124891e-04
6.172839600624452e-05
1.234567920124891e-04
1.234567920124889e-04
1.234567920124891e-04
1.234567920124891e-04
6.172839600624456e-05
6.172839600624448e-05
6.172839600624448e-05
1.234567920124890e-04
1.234567920124890e-04
1.234567920124889e-04
1.234567920124890e-04
6.172839600624454e-05
1.234567920124890e-04
1.234567920124888e-04
1.234567920124890e-04
1.234567920124890e-04
6.172839600624452e-05
6.172839600624454e-05
6.172839600624454e-05
1.234567920124891e-04
1.234567920124891e-04
1.234567920124890e-04
1.234567920124892e-04
6.172839600624443e-05
1.234567920124892e-04
1.234567920124889e-04
1.234567920124892e-04
1.234567920124892e-04
6.172839600624458e-05
6.172839600624454e-05
6.172839600624454e-05
1.234567920124891e-04
1.234567920124891e-04
1.234567920124890e-04
1.234567920124892e-04
6.172839600624454e-05
1.234567920124892e-04
1.234567920124889e-04
1.234567920124892e-04
1.234567920124892e-04
6.172839600624458e-05
6.172839600624443e-05
1.234567920124889e-04
1.234567920124889e-04
3.086419800312229e-05
1.234567920124889e-04
1.234567920124889e-04
1.234567920124888e-04
1.234567920124889e-04
1.234567920124889e-04
1.234567920124886e-04
1.234567920124889e-04
1.234567920124889e-04
6.172839600624444e-05
6.172839600624454e-05
1.234567920124891e-04
1.234567920124891e-04
1.234567920124890e-04
3.086419800312226e-05
1.234567920124892e-04
1.234567920124892e-04
1.234567920124889e-04
1.234567920124892e-04
1.234567920124892e-04
6.172839600624458e-05
6.172839600624454e-05
1.234567920124891e-04
1.234567920124891e-04
1.234567920124890e-04
1.234567920124892e-04
1.234567920124892e-04
1.234567920124889e-04
3.086419800312227e-05
1.234567920124892e-04
1.234567920124892e-04
6.172839600624458e-05
3.086419800312227e-05
6.172839600624454e-05
6.172839600624456e-05
6.172839600624452e-05
6.172839600624458e-05
6.172839600624458e-05
6.172839600624444e-05
6.172839600624458e-05
6.172839600624458e-05
6.172839600624452e-05
1.234567920124891e-04
1.234567920124889e-04
1.234567920124891e-04
1.234567920124891e-04
6.172839600624454e-05
6.172839600624452e-05
1.234567920124890e-04
6.172839600624452e-05
1.234567920124890e-04
1.234567920124891e-04
1.234567920124890e-04
1.234567920124891e-04
6.172839600624452e-05
1.234567920124891e-04
1.234567920124889e-04
1.234567920124891e-04
1.234567920124891e-04
6.172839600624456e-05
6.172839600624448e-05
1.234567920124890e-04
6.172839600624448e-05
1.234567920124890e-04
1.234567920124890e-04
1.234567920124889e-04
1.234567920124890e-04
6.172839600624454e-05
1.234567920124890e-04
1.234567920124888e-04
1.234567920124890e-04
1.234567920124890e-04
6.172839600624452e-05
6.172839600624454e-05
1.234567920124890e-04
6.172839600624454e-05
1.234567920124891e-04
1.234567920124891e-04
1.234567920124890e-04
1.234567920124892e-04
6.172839600624443e-05
1.234567920124892e-04
1.234567920124889e-04
1.234567920124892e-04
1.234567920124892e-04
6.172839600624458e-05
6.172839600624454e-05
1.234567920124891e-04
6.172839600624454e-05
1.234567920124891e-04
1.234567920124891e-04
1.234567920124890e-04
1.234567920124892e-04
6.172839600624454e-05
1.234567920124892e-04
1.234567920124889e-04
1.234567920124892e-04
1.234567920124892e-04
6.172839600624458e-05
6.172839600624443e-05
9.200000058284187e-02
1.234567901728394e-04
1.234567901728393e-04
1.234567901728394e-04
1.234567901728394e-04
1.234567901728391e-04
1.234567901728394e-04
1.234567901728394e-04
6.172839508641969e-05
6.172839508641979e-05
1.234567901728396e-04
1.234567901728396e-04
1.234567901728395e-04
1.234567901728397e-04
1.234567901728397e-04
1.234567901728394e-04
1.234567901728397e-04
1.234567901728397e-04
6.172839508641983e-05
6.172839508641979e-05
1.234567901728396e-04
1.234567901728396e-04
1.234567901728395e-04
1.234567901728397e-04
1.234567901728397e-04
1.234567901728394e-04
1.234567901728397e-04
1.234567901728397e-04
6.172839508641983e-05
3.086419754320989e-05
6.172839508641979e-05
6.172839508641980e-05
6.172839508641976e-05
6.172839508641983e-05
6.172839508641983e-05
6.172839508641969e-05
6.172839508641983e-05
6.172839508641983e-05
3.086419754320991e-05
1.234567901728394e-04
1.234567901728394e-04
1.234567901728394e-04
1.234567901728393e-04
1.234567901728393e-04
1.234567901728393e-04
1.234567901728394e-04
1.234567901728394e-04
1.234567901728394e-04
1.234567901728394e-04
1.234567901728394e-04
1.234567901728394e-04
1.234567901728391e-04
1.234567901728391e-04
1.234567901728391e-04
1.234567901728394e-04
1.234567901728394e-04
1.234567901728394e-04
1.234567901728394e-04
1.234567901728394e-04
1.234567901728394e-04
6.172839508641969e-05
6.172839508641969e-05
6.172839508641969e-05
6.172839508641979e-05
6.172839508641979e-05
6.172839508641979e-05
1.234567901728396e-04
1.234567901728396e-04
1.234567901728396e-04
3.086419754320988e-05
1.234567901728396e-04
1.234567901728396e-04
1.234567901728396e-04
1.234567901728395e-04
1.234567901728395e-04
1.234567901728395e-04
1.234567901728397e-04
1.234567901728397e-04
1.234567901728397e-04
1.234567901728397e-04
1.234567901728397e-04
1.234567901728397e-04
1.234567901728394e-04
1.234567901728394e-04
1.234567901728394e-04
1.234567901728397e-04
1.234567901728397e-04
1.234567901728397e-04
1.234567901728397e-04
1.234567901728397e-04
1.234567901728397e-04
6.172839508641983e-05
6.172839508641983e-05
6.172839508641983e-05
6.172839508641979e-05
6.172839508641979e-05
6.172839508641979e-05
1.234567901728396e-04
1.234567901728396e-04
1.234567901728396e-04
1.234567901728396e-04
1.234567901728396e-04
1.234567901728396e-04
1.234567901728395e-04
1.234567901728395e-04
1.234567901728395e-04
1.234567901728397e-04
1.234567901728397e-04
3.086419754320989e-05
1.234567901728397e-04
1.234567901728397e-04
1.234567901728397e-04
1.234567901728397e-04
1.234567901728394e-04
1.234567901728394e-04
1.234567901728394e-04
1.234567901728397e-04
1.234567901728397e-04
1.234567901728397e-04
1.234567901728397e-04
1.234567901728397e-04
1.234567901728397e-04
6.172839508641983e-05
6.172839508641983e-05
6.172839508641983e-05
3.086419754320989e-05
3.086419754320989e-05
3.086419754320989e-05
6.172839508641979e-05
6.172839508641979e-05
6.172839508641979e-05
6.172839508641980e-05
6.172839508641980e-05
6.172839508641980e-05
6.172839508641976e-05
6.172839508641976e-05
6.172839508641976e-05
6.172839508641983e-05
6.172839508641983e-05
6.172839508641983e-05
6.172839508641983e-05
6.172839508641983e-05
6.172839508641983e-05
6.172839508641969e-05
6.172839508641969e-05
6.172839508641969e-05
6.172839508641976e-05
6.172839508641983e-05
6.172839508641983e-05
6.172839508641983e-05
6.172839508641983e-05
6.172839508641983e-05
6.172839508641983e-05
3.086419754320991e-05
3.086419754320991e-05
3.086419754320991e-05
3.086419754320988e-05
3.086419754320988e-05
3.086419754320988e-05
3.086419754320989e-05
3.086419754320989e-05
3.086419754320989e-05
6.172839508641976e-05
6.172839508641976e-05
6.172839508641976e-05
1.234567901728395e-04
1.234567901728395e-04
1.234567901728395e-04
1.234567901728395e-04
1.234567901728395e-04
1.234567901728395e-04
1.234567901728395e-04
1.234567901728395e-04
1.234567901728395e-04
1.234567901728396e-04
1.234567901728396e-04
1.234567901728396e-04
1.234567901728396e-04
1.234567901728396e-04
1.234567901728396e-04
1.234567901728393e-04
1.234567901728393e-04
1.234567901728393e-04
1.234567901728396e-04
1.234567901728396e-04
1.234567901728396e-04
1.234567901728396e-04
1.234567901728396e-04
1.234567901728396e-04
6.172839508641979e-05
6.172839508641979e-05
1.234567901728395e-04
6.172839508641979e-05
6.172839508641976e-05
6.172839508641977e-05
6.172839508641976e-05
6.172839508641977e-05
6.172839508641976e-05
6.172839508641977e-05
6.172839508641976e-05
1.234567901728395e-04
1.234567901728395e-04
1.234567901728395e-04
1.234567901728396e-04
1.234567901728396e-04
1.234567901728396e-04
1.234567901728395e-04
1.234567901728395e-04
1.234567901728395e-04
1.234567901728396e-04
1.234567901728396e-04
1.234567901728396e-04
6.172839508641977e-05
1.234567901728396e-04
6.172839508641977e-05
1.234567901728396e-04
6.172839508641977e-05
1.234567901728396e-04
6.172839508641977e-05
1.234567901728394e-04
1.234567901728394e-04
1.234567901728394e-04
1.234567901728396e-04
1.234567901728396e-04
1.234567901728396e-04
1.234567901728396e-04
1.234567901728396e-04
1.234567901728396e-04
6.172839508641980e-05
6.172839508641980e-05
1.234567901728395e-04
6.172839508641980e-05
6.172839508641973e-05
6.172839508641973e-05
6.172839508641973e-05
6.172839508641973e-05
6.172839508641973e-05
6.172839508641973e-05
6.172839508641973e-05
1.234567901728395e-04
1.234567901728395e-04
1.234567901728395e-04
1.234567901728395e-04
1.234567901728395e-04
1.234567901728395e-04
1.234567901728394e-04
1.234567901728394e-04
1.234567901728394e-04
1.234567901728395e-04
1.234567901728395e-04
1.234567901728395e-04
6.172839508641979e-05
1.234567901728395e-04
6.172839508641979e-05
1.234567901728395e-04
6.172839508641979e-05
1.234567901728395e-04
6.172839508641979e-05
1.234567901728393e-04
1.234567901728393e-04
1.234567901728393e-04
1.234567901728395e-04
1.234567901728395e-04
1.234567901728395e-04
1.234567901728395e-04
1.234567901728395e-04
1.234567901728395e-04
6.172839508641976e-05
6.172839508641976e-05
1.234567901728395e-04
6.172839508641976e-05
6.172839508641979e-05
6.172839508641979e-05
6.172839508641979e-05
6.172839508641979e-05
6.172839508641979e-05
6.172839508641979e-05
6.172839508641979e-05
1.234567901728396e-04
1.234567901728396e-04
1.234567901728396e-04
1.234567901728396e-04
1.234567901728396e-04
1.234567901728396e-04
1.234567901728395e-04
1.234567901728395e-04
1.234567901728395e-04
1.234567901728397e-04
1.234567901728397e-04
1.234567901728397e-04
6.172839508641966e-05
1.234567901728397e-04
6.172839508641966e-05
1.234567901728397e-04
6.172839508641966e-05
1.234567901728397e-04
6.172839508641966e-05
1.234567901728394e-04
1.234567901728394e-04
1.234567901728394e-04
1.234567901728397e-04
1.234567901728397e-04
1.234567901728397e-04
1.234567901728397e-04
1.234567901728397e-04
1.234567901728397e-04
6.172839508641983e-05
6.172839508641983e-05
1.234567901728396e-04
6.172839508641983e-05
6.172839508641979e-05
6.172839508641979e-05
6.172839508641979e-05
6.172839508641979e-05
6.172839508641979e-05
6.172839508641979e-05
6.172839508641979e-05
1.234567901728396e-04
1.234567901728396e-04
1.234567901728396e-04
1.234567901728396e-04
1.234567901728396e-04
1.234567901728396e-04
1.234567901728395e-04
1.234567901728395e-04
1.234567901728395e-04
1.234567901728397e-04
1.234567901728397e-04
1.234567901728397e-04
6.172839508641979e-05
1.234567901728397e-04
6.172839508641979e-05
1.234567901728397e-04
6.172839508641979e-05
1.234567901728397e-04
6.172839508641979e-05
1.234567901728394e-04
1.234567901728394e-04
1.234567901728394e-04
1.234567901728397e-04
1.234567901728397e-04
1.234567901728397e-04
1.234567901728397e-04
1.234567901728397e-04
1.234567901728397e-04
6.172839508641983e-05
6.172839508641983e-05
1.234567901728396e-04
6.172839508641983e-05
6.172839508641966e-05
6.172839508641966e-05
6.172839508641966e-05
1.234567901728393e-04
1.234567901728393e-04
1.234567901728393e-04
1.234567901728393e-04
1.234567901728396e-04
1.234567901728396e-04
6.172839508641979e-05
6.172839508641977e-05
1.234567901728395e-04
1.234567901728396e-04
1.234567901728395e-04
1.234567901728396e-04
1.234567901728396e-04
1.234567901728394e-04
1.234567901728396e-04
1.234567901728396e-04
6.172839508641980e-05
6.172839508641973e-05
1.234567901728395e-04
1.234567901728395e-04
1.234567901728394e-04
1.234567901728395e-04
1.234567901728395e-04
1.234567901728393e-04
1.234567901728395e-04
1.234567901728395e-04
6.172839508641976e-05
6.172839508641979e-05
1.234567901728396e-04
1.234567901728396e-04
1.234567901728395e-04
1.234567901728397e-04
1.234567901728397e-04
1.234567901728394e-04
1.234567901728397e-04
1.234567901728397e-04
6.172839508641983e-05
6.172839508641979e-05
1.234567901728396e-04
1.234567901728396e-04
1.234567901728395e-04
1.234567901728397e-04
1.234567901728397e-04
1.234567901728394e-04
1.234567901728397e-04
1.234567901728397e-04
6.172839508641983e-05
6.172839508641966e-05
1.234567901728393e-04
3.703703706296297e-05
3.703703706296299e-05
1.481481504594311e-04
1.481481482518517e-04
1.481481482518517e-04
1.481481482518517e-04
1.481481504594314e-04
1.481481504594314e-04
1.481481504594314e-04
1.481481504594314e-04
1.481481482518519e-04
1.481481482518520e-04
7.407407412592596e-05
1.481481482518519e-04
1.481481504594314e-04
1.481481504594314e-04
1.481481504594314e-04
1.481481504594314e-04
1.481481482518519e-04
1.481481482518520e-04
1.481481482518519e-04
7.407407522971564e-05
7.407407522971565e-05
1.481481482518519e-04
7.407407522971564e-05
7.407407522971565e-05
7.407407412592593e-05
7.407407412592595e-05
7.407407412592593e-05
7.407407522971568e-05
7.407407522971570e-05
7.407407522971568e-05
7.407407522971570e-05
7.407407412592597e-05
1.481481482518519e-04
7.407407412592599e-05
7.407407412592597e-05
7.407407522971563e-05
7.407407522971564e-05
7.407407522971563e-05
7.407407522971564e-05
7.407407412592592e-05
7.407407412592593e-05
7.407407412592592e-05
1.481481504594313e-04
1.481481482518518e-04
1.481481504594313e-04
1.481481504594313e-04
1.481481504594313e-04
1.481481482518518e-04
1.481481482518519e-04
1.481481482518518e-04
1.481481504594313e-04
1.481481504594313e-04
1.481481504594313e-04
1.481481504594313e-04
1.481481482518520e-04
1.481481482518519e-04
1.481481482518519e-04
1.481481482518519e-04
1.481481504594312e-04
1.481481504594312e-04
1.481481504594312e-04
1.481481504594312e-04
1.481481482518518e-04
1.481481482518518e-04
1.481481482518518e-04
1.481481482518520e-04
1.481481504594313e-04
1.481481504594313e-04
1.481481504594313e-04
1.481481504594313e-04
1.481481482518519e-04
1.481481482518519e-04
1.481481482518519e-04
1.481481504594313e-04
1.481481504594313e-04
1.481481504594313e-04
1.481481482518517e-04
1.481481504594313e-04
1.481481482518519e-04
1.481481482518519e-04
1.481481482518519e-04
1.481481504594310e-04
1.481481504594311e-04
1.481481504594310e-04
1.481481504594311e-04
1.481481482518516e-04
1.481481482518517e-04
1.481481482518520e-04
1.481481482518516e-04
1.481481504594313e-04
1.481481504594313e-04
1.481481504594313e-04
1.481481504594313e-04
1.481481482518519e-04
1.481481482518519e-04
1.481481482518519e-04
1.481481504594313e-04
1.481481504594313e-04
1.481481482518520e-04
1.481481504594313e-04
1.481481504594313e-04
1.481481482518519e-04
1.481481482518519e-04
1.481481482518519e-04
7.407407522971565e-05
7.407407522971567e-05
7.407407522971565e-05
7.407407522971567e-05
7.407407412592595e-05
7.407407412592595e-05
7.407407412592599e-05
7.407407412592596e-05
7.407407412592595e-05
7.407407522971565e-05
7.407407522971567e-05
7.407407522971565e-05
7.407407522971567e-05
7.407407412592595e-05
7.407407412592596e-05
7.407407412592595e-05
3.703703761485783e-05
7.407407412592593e-05
3.703703761485784e-05
3.703703761485783e-05
3.703703761485784e-05
3.703703706296298e-05
3.703703706296299e-05
3.703703706296298e-05
7.407407522971567e-05
7.407407522971568e-05
7.407407522971567e-05
7.407407522971568e-05
1.481481482518519e-04
7.407407412592596e-05
7.407407412592597e-05
7.407407412592596e-05
7.407407522971570e-05
7.407407522971571e-05
7.407407522971570e-05
7.407407522971571e-05
7.407407412592599e-05
7.407407412592600e-05
7.407407412592599e-05
1.481481482518519e-04
7.407407522971564e-05
7.407407522971565e-05
7.407407522971564e-05
7.407407522971565e-05
7.407407412592593e-05
7.407407412592595e-05
7.407407412592593e-05
7.407407522971571e-05
7.407407522971572e-05
7.407407522971571e-05
1.481481482518518e-04
7.407407522971572e-05
7.407407412592600e-05
7.407407412592601e-05
7.407407412592600e-05
7.407407522971571e-05
7.407407522971572e-05
7.407407522971571e-05
7.407407522971572e-05
7.407407412592600e-05
7.407407412592601e-05
1.481481482518519e-04
7.407407412592600e-05
7.407407522971556e-05
7.407407522971557e-05
7.407407522971556e-05
7.407407522971557e-05
7.407407412592585e-05
7.407407412592587e-05
7.407407412592585e-05
7.407407522971571e-05
7.407407522971572e-05
1.481481482518519e-04
7.407407522971571e-05
7.407407522971572e-05
7.407407412592600e-05
7.407407412592601e-05
7.407407412592600e-05
7.407407522971571e-05
7.407407522971572e-05
7.407407522971571e-05
7.407407522971572e-05
7.407407412592600e-05
1.481481482518517e-04
7.407407412592601e-05
7.407407412592600e-05
7.407407522971560e-05
7.407407522971561e-05
7.407407522971560e-05
7.407407522971561e-05
7.407407412592589e-05
7.407407412592591e-05
7.407407412592589e-05
3.703703761485785e-05
1.481481482518519e-04
3.703703761485786e-05
3.703703761485785e-05
3.703703761485786e-05
3.703703706296300e-05
3.703703706296301e-05
3.703703706296300e-05
7.407407522971567e-05
7.407407522971568e-05
7.407407522971567e-05
7.407407522971568e-05
1.481481482518519e-04
7.407407412592596e-05
7.407407412592597e-05
7.407407412592596e-05
7.407407522971567e-05
7.407407522971568e-05
7.407407522971567e-05
7.407407522971568e-05
7.407407412592596e-05
7.407407412592597e-05
7.407407412592596e-05
7.407407412592596e-05
7.407407412592596e-05
7.407407522971553e-05
7.407407522971555e-05
7.407407522971553e-05
7.407407522971555e-05
7.407407412592583e-05
7.407407412592584e-05
7.407407412592583e-05
7.407407522971567e-05
7.407407522971568e-05
7.407407522971567e-05
3.703703706296299e-05
7.407407522971568e-05
7.407407412592596e-05
7.407407412592597e-05
7.407407412592596e-05
7.407407522971567e-05
7.407407522971568e-05
7.407407522971567e-05
7.407407522971568e-05
7.407407412592596e-05
7.407407412592597e-05
7.407407412592597e-05
7.407407412592596e-05
7.407407412592600e-05
7.407407412592595e-05
7.407407412592601e-05
7.407407412592601e-05
7.407407412592587e-05
7.407407412592601e-05
7.407407412592601e-05
7.407407412592591e-05
3.703703706296301e-05
3.703703761485782e-05
3.703703761485783e-05
3.703703761485782e-05
3.703703761485783e-05
3.703703706296297e-05
3.703703706296297e-05
3.703703706296297e-05
3.703703761485783e-05
3.703703761485784e-05
7.407407412592597e-05
3.703703761485783e-05
3.703703761485784e-05
3.703703706296298e-05
3.703703706296299e-05
3.703703706296298e-05
7.407407522971565e-05
7.407407522971567e-05
7.407407522971565e-05
7.407407522971567e-05
7.407407412592595e-05
7.407407412592597e-05
7.407407412592596e-05
7.407407412592595e-05
1.481481504594313e-04
1.481481504594313e-04
1.481481504594313e-04
1.481481504594313e-04
1.481481482518519e-04
1.481481482518519e-04
1.481481482518519e-04
1.481481504594313e-04
7.407407412592584e-05
1.481481504594314e-04
1.481481504594313e-04
1.481481504594314e-04
1.481481482518519e-04
1.481481482518519e-04
1.481481482518519e-04
1.481481504594312e-04
1.481481504594313e-04
1.481481504594312e-04
1.481481504594313e-04
7.407407412592597e-05
1.481481482518518e-04
1.481481482518518e-04
1.481481482518518e-04
1.481481504594314e-04
1.481481504594314e-04
1.481481504594314e-04
1.481481504594314e-04
1.481481482518519e-04
1.481481482518520e-04
1.481481482518519e-04
7.407407412592597e-05
1.481481504594314e-04
1.481481504594314e-04
1.481481504594314e-04
1.481481504594314e-04
1.481481482518519e-04
1.481481482518520e-04
1.481481482518519e-04
1.481481504594311e-04
1.481481504594311e-04
1.481481504594311e-04