7.383565534428514e-03
7.378503421492767e-03
7.686824133620940e-03
7.724591750810629e-03
7.722573190972350e-03
7.265591388894388e-03
3.824705536923977e-03
3.739633916753753e-03
7.686074728172000e-03
7.237229212995062e-03
7.369965840061013e-03
7.360552340647545e-03
7.506619520769227e-03
7.365720820808302e-03
7.531574722218957e-03
7.372257570272614e-03
3.805880149721660e-03
3.642218460702237e-03
7.586197515511327e-03
7.272937979730939e-03
7.377583183833959e-03
7.412797987623382e-03
7.404058953113959e-03
7.585643922453884e-03
7.751587269031025e-03
7.490334859782510e-03
3.838143263017030e-03
1.895429098312897e-03
3.753958439294718e-03
3.622111026113611e-03
3.681322517609202e-03
3.848376676456625e-03
3.627788779654727e-03
3.681222193976521e-03
3.659911278701882e-03
3.656634845846619e-03
1.814560796608303e-03
1.918262998854738e-03
1.856470490528011e-03
3.705995281844037e-03
7.245404984699315e-03
7.603312163178053e-03
7.393455268917600e-03
7.433695924088795e-03
7.597017963219261e-03
7.213705134209117e-03
7.580192602172073e-03
7.270575338035999e-03
3.759948042200069e-03
3.712388596717043e-03
3.583554921577916e-03
7.374175403572054e-03
7.507988595885088e-03
7.045503095725117e-03
7.702600327039613e-03
3.826198304229530e-03
7.648304693545382e-03
7.539437032934348e-03
7.384460791905690e-03
7.164652115608228e-03
3.645504563305226e-03
3.782742055032531e-03
3.814973741647786e-03
7.250915935092118e-03
7.355380637237543e-03
7.662803674451610e-03
7.367060886680979e-03
3.800349859833400e-03
7.476279075647162e-03
7.303771581987148e-03
7.440377719769030e-03
7.375508217133935e-03
3.650766517694027e-03
3.702250672036264e-03
3.564191251752056e-03
7.517182914350050e-03
7.201157024907065e-03
7.314815239705142e-03
7.251152038099151e-03
3.762523418345032e-03
7.560168166251449e-03
7.505963589548323e-03
7.301787672078230e-03
7.523643917457154e-03
3.541078137244560e-03
3.721334322084159e-03
3.644247093194396e-03
7.628691221903206e-03
7.237759437495495e-03
6.962569698521305e-03
7.552626568835710e-03
3.750974516308237e-03
7.807077116369696e-03
7.234769068010529e-03
7.757740451835446e-03
7.474914029592853e-03
3.732960985008936e-03
3.614220109061189e-03
7.350158167651968e-03
7.169909235123165e-03
1.850521178238192e-03
7.097000948876634e-03
7.476685205051747e-03
7.350364455603501e-03
7.547902897070450e-03
7.476564333205144e-03
7.691289139634469e-03
7.535453096870304e-03
7.448034548345197e-03
3.580576236371453e-03
3.886218428378897e-03
7.555081878946380e-03
7.471790701076623e-03
7.533373295296414e-03
1.880684949011140e-03
7.675736156225858e-03
7.344663333505376e-03
7.467502973771444e-03
7.522654379939629e-03
7.565441402012599e-03
3.826456164168950e-03
3.430047273485485e-03
7.628814511186742e-03
7.163972815830315e-03
7.281340990506807e-03
7.113192135635309e-03
7.866689499489855e-03
7.498711278752125e-03
1.831826332630205e-03
7.468579539018526e-03
7.549054402862423e-03
3.788578553598853e-03
1.864082193614780e-03
3.723177214838705e-03
3.757346074248855e-03
3.724312201478311e-03
3.580410641941606e-03
3.902468842342409e-03
3.552224536032166e-03
3.690113527012666e-03
3.880957682708563e-03
3.691750937627986e-03
7.496355889367978e-03
7.359765062020000e-03
7.471711731470175e-03
7.597406364753013e-03
3.722886719500702e-03
3.692035389373658e-03
7.564612221144898e-03
3.774457095760182e-03
7.302833616457506e-03
7.318510694961962e-03
7.379917622098025e-03
7.387359298787238e-03
3.726477822063287e-03
7.646921113807928e-03
7.319983719865901e-03
7.486370263213919e-03
7.592012257145261e-03
3.749225097781729e-03
3.719566369874507e-03
7.725662675371534e-03
3.758787672472678e-03
7.523256321735714e-03
7.520468211140729e-03
7.490455731629112e-03
7.753893503864217e-03
3.740579940406502e-03
7.764634176153390e-03
7.003639534560196e-03
7.212065306156863e-03
7.376348679373985e-03
3.643062549097683e-03
3.755896014995769e-03
7.330974193971392e-03
3.762483127729497e-03
7.286048546025848e-03
7.498850684281871e-03
6.918757683189137e-03
7.352541760466983e-03
3.754810585813271e-03
7.392203842399102e-03
7.538733558787117e-03
7.229175118949726e-03
7.540543413236926e-03
3.655968036159525e-03
3.736847820689545e-03
7.295336338718855e-03
3.743449840951022e-03
7.859296977351592e-03
7.708415874485854e-03
7.194872494696001e-03
7.620594419805404e-03
3.654702507925587e-03
7.404726165707209e-03
7.507415663332187e-03
7.330447998532511e-03
7.636721947391535e-03
3.824902155127785e-03
3.730155549449273e-03
6.640138407020653e-02
1.097453815977940e-03
1.084916988048239e-03
1.001092261702266e-03
1.015721280570133e-03
1.077757547120844e-03
1.154975720511093e-03
1.262300149820615e-03
1.325200952254156e-03
1.125232382311248e-03
6.980451882413963e-04
3.308761793350389e-04
2.631667171190946e-04
3.074648890909538e-04
2.909458374483660e-04
2.811183267786446e-04
2.933040471755976e-04
6.148624928539650e-04
9.764074102827715e-04
1.031327649044326e-03
8.157560346030057e-04
4.699771372124477e-04
4.722716877671350e-04
4.697314651842265e-04
5.273734357516725e-04
4.929694302366095e-04
5.300169534001576e-04
8.400128485957162e-04
1.189391561394469e-03
8.009530106392997e-04
1.222585891541380e-03
9.745872817260026e-04
9.548942361181492e-04
1.045285325530850e-03
9.908795979296703e-04
1.001620773851539e-03
1.002941198049143e-03
1.203514227951607e-03
7.819958731241835e-04
1.180606696309876e-03
1.047709309687941e-03
1.054808012512418e-03
9.346587780986634e-04
1.017081995383270e-03
9.195731658302528e-04
1.048065378002727e-03
9.982015107642078e-04
1.204555136003939e-03
8.873975838971310e-04
9.209563426615505e-04
9.653300091742673e-04
1.007634047493518e-03
1.062066266174411e-03
1.098146613112055e-03
1.091015879248228e-03
1.087622402154839e-03
1.078920938644401e-03
1.169369341457700e-03
1.146394020855332e-03
1.274197565681784e-03
1.286900793853642e-03
1.332943700567951e-03
1.338339419800325e-03
9.619776285087231e-04
9.793686697980154e-04
9.797302780724373e-04
4.126566353936975e-04
3.276980052184118e-04
5.915693800215693e-04
8.262002686883862e-04
2.316532359073777e-04
2.166731346883978e-04
2.869335468636367e-04
1.955203600797312e-04
2.399606320162534e-04
2.811170425152745e-04
2.027114795035901e-04
1.935015484251079e-04
2.384688719760901e-04
2.243619691222808e-04
2.487431552088192e-04
2.473265623482624e-04
2.622606567206289e-04
2.776442936358210e-04
2.597560661508337e-04
2.404233445540319e-04
2.476241840888885e-04
3.059962961547229e-04
4.610402254174810e-04
4.142545612057940e-04
5.739856488634835e-04
1.077709702014897e-03
9.633110464298358e-04
1.058812798970004e-03
1.045283411726612e-03
1.111845523120309e-03
1.093947928067209e-03
6.174431067789468e-04
5.372510830560993e-04
7.802772265552918e-04
5.494220721967478e-04
4.981015481168495e-04
5.588053032852975e-04
4.821276788657123e-04
4.727497359204514e-04
4.931789918006580e-04
4.274438956540755e-04
4.106393094555221e-04
8.247665271345924e-04
5.633191113068918e-04
4.141535576689761e-04
4.275431616580985e-04
5.018012842515704e-04
4.352159050274025e-04
4.131508249748623e-04
4.654766754572491e-04
4.065550497587943e-04
4.353525909406032e-04
5.201989865699908e-04
6.120135434295235e-04
6.234789935288939e-04
8.802445894682215e-04
1.175240993586075e-03
1.070136073559808e-03
1.115763382574879e-03
8.533744757886771e-04
8.355560517951030e-04
7.972070410232535e-04
1.259502772384057e-03
1.136063003399603e-03
1.096880279065807e-03
1.073589080037649e-03
1.078295225385151e-03
9.061724063769543e-04
9.953049176868972e-04
9.752091673767769e-04
1.006794995425013e-03
1.063750111724135e-03
1.006369627251508e-03
1.045290966217025e-03
1.107610173615327e-03
9.969892668693153e-04
9.745176796876670e-04
1.011936279420287e-03
9.438378868562618e-04
1.020298697401002e-03
1.111397088569410e-03
1.068231838343110e-03
1.028227689085105e-03
1.017186549530582e-03
1.096686783384703e-03
1.088441006735960e-03
1.089221133779246e-03
8.488070308851523e-04
8.453317638422280e-04
8.521187180290067e-04
8.994300740468795e-04
8.134809242703140e-04
8.106577608398148e-04
8.627458715089136e-04
8.823317440794452e-04
8.054239091553501e-04
1.119230188588541e-03
1.105478800053554e-03
1.099678059408519e-03
6.383242219123724e-04
5.689467030316668e-04
8.066736233226901e-04
4.611421103115137e-04
4.747146085135280e-04
5.130941394266450e-04
4.582885778295551e-04
4.409380789721446e-04
5.416492570111100e-04
4.495349379720008e-04
4.270294059467649e-04
4.997810624254031e-04
3.507599506441785e-04
4.237119270269273e-04
5.124335244216881e-04
4.300966801441335e-04
4.576440790708123e-04
4.779548805413476e-04
3.765012975478907e-04
4.336749904362873e-04
5.101722136248168e-04
5.758810201447632e-04
5.655695436375688e-04
7.811994283816062e-04
1.067139962662127e-03
9.993149419245022e-04
8.880383054106680e-04
1.106548918802149e-03
1.166537314091783e-03
9.854968724208059e-04
1.102760291496906e-03
1.020850578107285e-03
1.124584408486915e-03
1.030041572596466e-03
1.176682692536436e-03
4.104572965998451e-04
4.282951859970493e-04
6.155481384038225e-04
2.522015253748539e-04
2.392218532171597e-04
3.510322144786525e-04
2.117067371461779e-04
2.107938777063406e-04
2.806389188170541e-04
2.407762651644790e-04
2.384372690245303e-04
2.306125293081226e-04
1.017542517118829e-03
2.546491299053026e-04
1.037161730173715e-03
2.399950301292659e-04
9.687647841485796e-04
3.155465822079324e-04
1.037492516127253e-03
2.313176150799756e-04
2.417419304923010e-04
3.074538343533165e-04
2.450718491396850e-04
2.451266947400811e-04
3.297363578215692e-04
4.240505696504944e-04
5.134398329079306e-04
6.908135263856557e-04
1.068446788776987e-03
1.008696813204778e-03
5.385530742970953e-04
1.105217918317968e-03
1.109197019508151e-03
1.328961577581603e-03
9.615785499618541e-04
1.286741746648820e-03
1.065653944034677e-03
1.281380072986572e-03
1.017208608642587e-03
1.072649704336463e-03
1.166526334899050e-03
1.379012494002741e-03
1.020590200004394e-03
1.010998817523340e-03
1.035357617136621e-03
9.650990432207160e-04
9.944856080200039e-04
1.003329398129817e-03
1.023464733969700e-03
8.265132260445501e-04
9.610266692555708e-04
1.228744412852360e-03
1.064657456385971e-03
9.475101750091498e-04
9.709524638455619e-04
9.355355018926931e-04
1.056914909525254e-03
8.777677238782411e-04
1.004820956716903e-03
1.037353009870965e-03
1.014509943214089e-03
1.023882648379331e-03
1.165536696654985e-03
1.184496352333572e-03
1.278054485580358e-03
1.177545213888490e-03
1.367209761088078e-03
1.296344108322608e-03
1.318375621256081e-03
5.153482482759895e-04
1.348719491080467e-03
1.121911226872743e-03
3.033024958180509e-03
1.029182677399811e-03
2.889202972609485e-03
9.756948707470449e-04
2.358985321580696e-03
1.015007330862862e-03
5.919942848529956e-03
6.285943202951102e-03
4.241788348250484e-03
5.735249861107703e-03
5.663170755728874e-03
4.118414051516271e-03
5.174275965804533e-03
5.366156396131977e-03
4.256170083465506e-03
6.053123075272942e-03
5.673949704102807e-03
4.332807669085904e-03
1.003511209532416e-03
5.623208911617180e-03
1.046207376267356e-03
5.758692955756426e-03
9.917167361939373e-04
4.085523613337030e-03
1.064231181673617e-03
6.092959212664169e-03
5.733088672490435e-03
4.151648168646023e-03
5.662103054417210e-03
5.223152511509381e-03
4.072076217496251e-03
5.697743730012834e-03
5.430344987364539e-03
3.890302285169469e-03
3.074660877367659e-03
3.209573197672470e-03
4.633832758006177e-04
2.385534419780970e-03
1.028047187127511e-03
2.997465871081342e-03
9.841170195652898e-04
3.070721260980700e-03
9.259924681502799e-04
2.305406659589900e-03
1.004725367231547e-03
5.948982712582569e-03
5.369409863336384e-03
4.420759262454532e-03
5.245421940527585e-03
5.419940741715077e-03
4.050179476671741e-03
5.595057858543256e-03
5.301444832709779e-03
4.156875876011619e-03
5.985667720932846e-03
5.578174076103544e-03
4.077907075376397e-03
1.071073938362911e-03
5.614100412163306e-03
1.062656926598147e-03
5.648785394358451e-03
1.128837586589271e-03
4.235965548493443e-03
1.054050146034215e-03
6.177363620241142e-03
5.298607970469997e-03
4.081063845103522e-03
5.718501858042342e-03
5.446661880843684e-03
3.976110417791664e-03
5.761145848430163e-03
5.787675607134982e-03
4.498029813644978e-03
3.073613321363763e-03
2.933939859021244e-03
5.077692309510725e-04
2.260125648415347e-03
1.315072395141489e-03
1.308257338250374e-03
1.339627208599345e-03
1.161926758229636e-03
1.297468317222558e-03
1.365341787425362e-03
5.172020194967299e-04
5.279283886173900e-04
7.978051048475929e-04
1.117832204956034e-03
9.687399046934872e-04
6.041614060945525e-04
3.458247279657283e-04
2.685380857107052e-04
2.821296715918289e-04
3.026330118413495e-04
3.004039083552710e-04
3.117861835151976e-04
5.283311940461959e-04
1.026975658207372e-03
1.208034331381878e-03
1.347594677821284e-03
9.999463965964664e-04
1.018337450963324e-03
9.950046518746264e-04
1.056199146740284e-03
1.088565303284884e-03
1.009608388381245e-03
1.405071456865039e-03
1.368209169806410e-03
2.348739820956439e-03
4.412703959690728e-03
4.250138175413844e-03
3.865185921257600e-03
4.077070642197902e-03
4.265226608025341e-03
4.272578436641913e-03
4.077046870734738e-03
4.452235097122360e-03
2.472475725965071e-03
2.460368597450046e-03
4.357484059476137e-03
4.463276337403422e-03
4.077524717434975e-03
4.178962385635296e-03
4.142381729979254e-03
4.005918623882520e-03
4.176194823254233e-03
4.606370875910971e-03
2.267279650109645e-03
1.410741253009586e-03
1.385023551660865e-03
2.121416340502568e-03
2.158273591234254e-03
1.141370607055804e-02
8.803873391190601e-03
8.762050926453529e-03
8.602627407282173e-03
1.143937361009042e-02
1.149678612560240e-02
1.130399472445772e-02
1.136836865252174e-02
8.857221389407463e-03
8.387665692033506e-03
4.364166660968681e-03
8.788733789497377e-03
1.153981247393164e-02
1.109194038002602e-02
1.126113195602754e-02
1.121363496099860e-02
8.870307781333055e-03
8.895213022419522e-03
9.103998186306760e-03
5.555754363089395e-03
5.800219687375478e-03
8.917034419792981e-03
5.541865382102358e-03
5.585173361834188e-03
4.327426454475123e-03
4.394164232952550e-03
4.398835526917614e-03
5.567374982421842e-03
5.510431449674685e-03
5.577983904398220e-03
5.530845495847527e-03
4.422020358720762e-03
8.432884655660135e-03
4.358912764702988e-03
4.202911933321287e-03
5.509072044306553e-03
5.626475674724713e-03
5.600146160379104e-03
5.547547567611183e-03
4.425860054381194e-03
4.453011497283708e-03
4.331841097219232e-03
1.084451168096737e-02
8.472473408671979e-03
1.154488909148898e-02
1.138769525498130e-02
1.129421216300595e-02
9.303803377803675e-03
8.958031732723913e-03
8.938817943987839e-03
1.131574105051063e-02
1.131961297866349e-02
1.106445895698227e-02
1.127755279929477e-02
8.446248247020604e-03
8.781968189336829e-03
8.552783886804501e-03
8.796982084309591e-03
1.105106716219093e-02
1.085887528540541e-02
1.119995871446158e-02
1.130126704978604e-02
9.122707536536337e-03
8.202858279263137e-03
8.861967623917421e-03
8.619729967764236e-03
1.035630706928714e-02
1.140817900391902e-02
1.140914597869185e-02
1.103286063884322e-02
8.605017446595677e-03
8.648493438194288e-03
8.393066246139745e-03
1.093434202573837e-02
1.101748171089372e-02
1.083711351814294e-02
8.950535260797572e-03
1.155445166617993e-02
8.982262508906333e-03
8.682215071772003e-03
8.777543473938833e-03
1.102176299170041e-02
1.099235567723413e-02
1.097099359287776e-02
1.124668857617075e-02
8.514374843015503e-03
8.627806624554275e-03
8.802447103400684e-03
8.860293145935809e-03
1.132102073277027e-02
1.099179886092744e-02
1.075933490229060e-02
1.056724214041929e-02
8.704838252394599e-03
8.680554292599672e-03
8.482471122010702e-03
1.175580562893799e-02
1.147867629973197e-02
8.677375363034005e-03
1.104138855052725e-02
1.131194406290266e-02
8.806284381624183e-03
8.683550302770817e-03
8.772833500982857e-03
5.592702872065268e-03
5.734654365810105e-03
5.709346621474447e-03
5.614421528369115e-03
4.395938631660686e-03
4.427389486146882e-03
4.507213253643744e-03
4.130855793593311e-03
4.323140338794567e-03
5.397961002222566e-03
5.946941187093440e-03
5.368783747170978e-03
5.409558252998003e-03
4.444508162875160e-03
4.323504565958998e-03
4.402275136765790e-03
2.853023007124932e-03
4.285198666145772e-03
2.807363868523588e-03
2.886875182296981e-03
2.891680845464853e-03
2.262887973016390e-03
2.087672547086306e-03
2.132494245243766e-03
5.523441692336918e-03
5.623278211475898e-03
5.456521397371118e-03
5.767513377309229e-03
8.634847006712767e-03
4.504929984461406e-03
4.309874653629847e-03
4.518689632572578e-03
5.363960557585350e-03
5.636595468628503e-03
5.697874674513321e-03
5.228966044424846e-03
4.407792130750924e-03
4.459794422408934e-03
4.370852888616624e-03
8.914208436019396e-03
5.353136483722019e-03
5.496871240110411e-03
5.583676968373238e-03
5.662403622409098e-03
4.255568141669420e-03
4.469345312821376e-03
4.422686765501701e-03
5.582056882722599e-03
5.721931395236633e-03
5.474198099124551e-03
8.461050213355654e-03
5.616358298257857e-03
4.450053360291169e-03
4.486557060871540e-03
4.328846698672712e-03
5.343413149475089e-03
5.828304663839925e-03
5.450470552730154e-03
5.615583912627284e-03
4.495208261839099e-03
4.216935082058054e-03
8.765570714626617e-03
4.475293416392728e-03
5.755978576987869e-03
5.820481435021599e-03
5.491954576296741e-03
5.613389685705278e-03
4.252472210771755e-03
4.346383994896394e-03
4.200879271767574e-03
5.748415625545897e-03
5.835166558571597e-03
8.960962472097888e-03
5.490338922613809e-03
5.541187291042912e-03
4.512750795842801e-03
4.515768562946332e-03
4.298935751512242e-03
5.715082796408089e-03
5.426344532148123e-03
5.781448692504131e-03
5.734250653842449e-03
4.357523544279361e-03
8.565156329022819e-03
4.333866103555994e-03
4.558580162294778e-03
5.688692846139174e-03
5.614521852001795e-03
5.467373271759168e-03
5.731007259291925e-03
4.300011510947013e-03
4.513787876286657e-03
4.430169135712604e-03
2.830202603939294e-03
9.116328726284923e-03
2.813132880308889e-03
2.782512616861937e-03
2.783092197366400e-03
2.193981753610899e-03
2.167504574159354e-03
2.266633388636473e-03
5.688834669105855e-03
5.678042424828797e-03
5.613037142819351e-03
5.479430238457855e-03
8.842657943516376e-03
4.319890497745558e-03
4.466535042387848e-03
4.260653220256025e-03
5.741697568311682e-03
5.454408154586338e-03
5.662109903821853e-03
5.690685217077353e-03
4.650557996873763e-03
4.424662214381355e-03
4.403014469560848e-03
4.373317465568867e-03
4.344550771889577e-03
5.464433668449776e-03
5.865612565106364e-03
5.756176403910144e-03
5.653764105720044e-03
4.353420347993332e-03
4.443893730988261e-03
4.428886282513987e-03
5.804742308969220e-03
5.680924815464132e-03
5.526844234818801e-03
2.187865436719691e-03
5.695663928438946e-03
4.531761922782733e-03
4.345545950093278e-03
4.339651433040588e-03
5.423448442703508e-03
5.641362251352383e-03
5.465265266754407e-03
5.566657406559174e-03
4.392122304557264e-03
4.314984309491927e-03
4.413965861769268e-03
4.237668229905929e-03
4.291734206891614e-03
4.159861813528878e-03
4.284452081039917e-03
4.484665013566041e-03
4.452227844811563e-03
4.299203281199391e-03
4.334080046724482e-03
4.335915284262077e-03
2.358838059380917e-03
2.735580496262782e-03
2.895012677916475e-03
2.733841754749393e-03
2.784213082290568e-03
2.228478578631499e-03
2.220237536130082e-03
2.220229679460052e-03
2.847347469567671e-03
2.772581785945004e-03
4.186239676613129e-03
2.887569591055717e-03
2.839169481879564e-03
2.265897279090658e-03
2.208392095162951e-03
2.212574462508506e-03
5.389356135462872e-03
5.625525219104257e-03
5.567393113198833e-03
5.621036441627562e-03
4.334616314817246e-03
4.454351966062539e-03
4.313752222468883e-03
4.497107561455393e-03
1.116444656592951e-02
1.126644225915499e-02
1.083432299011102e-02
1.117329841416243e-02
8.760547280681780e-03
8.764174241892192e-03
8.417068977438238e-03
1.109322242741232e-02
4.330728673324327e-03
1.111183105110307e-02
1.152739974109778e-02
1.167820590341863e-02
8.995447209933827e-03
9.082412891940329e-03
9.118279597889101e-03
1.113770890764854e-02
1.135420891859831e-02
1.105718730669062e-02
1.123179313560766e-02
4.246656260419354e-03
8.959289605740897e-03
8.825653692136217e-03
9.372380422880250e-03
1.106253225974742e-02
1.148333147745082e-02
1.123412757387173e-02
1.159515485761745e-02
9.020624009769000e-03
8.561946778589345e-03
8.863862088659854e-03
4.507598431928254e-03
1.134554965950764e-02
1.103646503730894e-02
1.089820134360397e-02
1.091562381157337e-02
8.543800691164938e-03
8.877840514813374e-03
8.689633379904207e-03
1.111302929400906e-02
1.109678411782557e-02
1.119430674691441e-02
