4.338342525443295e-02
4.329939563467632e-02
4.124106155359187e-02
4.316808303701692e-02
4.151776475191583e-02
4.325046743178974e-02
2.121077740594047e-02
2.169377654718119e-02
4.434302981826477e-02
4.162527577136643e-02
4.166866734885844e-02
4.267971228546230e-02
4.074505823882646e-02
4.205510803876677e-02
4.261806560680270e-02
4.182856942497893e-02
2.086436888203025e-02
2.081963501768769e-02
4.300779674667865e-02
4.221616275754059e-02
4.167940071783960e-02
4.206327012798284e-02
4.214565944857895e-02
4.274634389730636e-02
4.259541667124722e-02
4.329706079442985e-02
2.105822712110239e-02
1.041796235767833e-02
2.035568526662246e-02
2.068402956501814e-02
2.103588851241511e-02
2.160086566800601e-02
2.159791756275808e-02
2.230038183552097e-02
2.096039288153407e-02
2.236223293584771e-02
1.029675631798455e-02
1.078185385995312e-02
1.026399035708891e-02
2.187109879741911e-02
4.283194485469722e-02
4.279548883641837e-02
4.175874095381005e-02
4.162466989509993e-02
4.480307215999346e-02
4.155546207766748e-02
4.212002053827747e-02
4.353684002126101e-02
2.217212324831053e-02
2.125108295513201e-02
2.140677345232689e-02
4.229741421295330e-02
4.349961557454662e-02
4.321975984930760e-02
4.276414582272992e-02
2.068282520122011e-02
4.250875173602253e-02
4.366003978793742e-02
4.314282834093319e-02
4.088935038089404e-02
2.143915581473265e-02
2.163986587402178e-02
2.076610117001110e-02
4.312022373778746e-02
4.317976216407260e-02
4.314020287711173e-02
4.153966003650567e-02
2.046603109738498e-02
4.203185815276811e-02
4.437346155464184e-02
4.259622450626921e-02
4.434303474408807e-02
2.150587362848455e-02
2.147444933871157e-02
2.108806283285958e-02
4.352714600099716e-02
4.297858661448117e-02
4.178240953478961e-02
4.280235543410526e-02
2.157769705809187e-02
4.366239433147712e-02
4.149473652796587e-02
4.349861563241576e-02
4.137783688929630e-02
2.107569655345287e-02
2.106738668953767e-02
2.146792508574435e-02
4.261369147570804e-02
4.300563431024784e-02
4.150064751593163e-02
4.226092371391132e-02
2.278750881669112e-02
4.322106519248337e-02
4.186448852851754e-02
3.970401503829635e-02
4.131417554890503e-02
2.114975630684057e-02
2.126597125607077e-02
4.255060645664343e-02
4.233480121183674e-02
1.069789443317859e-02
4.303943530976540e-02
4.231402901496040e-02
4.045823739943444e-02
4.283503827173263e-02
4.317175277537899e-02
4.182598829356721e-02
4.250588490685914e-02
4.383369476272491e-02
2.155682634474943e-02
2.178649039342417e-02
4.131642172433203e-02
4.252328784059500e-02
4.155205340794055e-02
1.013597929249954e-02
4.349196084513097e-02
4.113810938360984e-02
4.233888471935644e-02
4.334860460949130e-02
4.088159467210063e-02
2.084871954139089e-02
2.066619069591979e-02
4.164976203901460e-02
4.214647220942424e-02
4.354653404152486e-02
4.038955664509558e-02
4.370443130756030e-02
4.356032142095501e-02
1.043960888819129e-02
4.330203095014440e-02
4.222140383353690e-02
2.061016561310680e-02
1.042507155216299e-02
2.130894906440517e-02
2.140244857946527e-02
2.093137731935713e-02
2.137809530904633e-02
2.138227240720880e-02
2.147173274715897e-02
2.107008111488540e-02
2.093480322946562e-02
2.126655742904404e-02
4.232765876804479e-02
4.550348482734989e-02
4.250318062986480e-02
4.389612957311328e-02
2.055763663338439e-02
2.125447931030067e-02
4.065265471945168e-02
2.059855052175408e-02
4.255443382135127e-02
4.149041658092757e-02
4.261913943628315e-02
4.319342639792012e-02
2.153035004448612e-02
4.295907542837085e-02
4.297757682070368e-02
4.119461103982758e-02
4.341775824286742e-02
2.116525787278078e-02
2.068279072045698e-02
4.186173499329016e-02
2.063507919592666e-02
4.272010896238498e-02
4.175042616407154e-02
4.351384135225089e-02
4.426236453582532e-02
2.126471270821639e-02
4.084145167507813e-02
4.305838987784227e-02
4.163772332685767e-02
4.248073857888812e-02
2.138224038935732e-02
2.191364313330268e-02
4.269967664731666e-02
2.090969138225773e-02
4.221758139465237e-02
4.228857728594448e-02
4.251917477813549e-02
4.227929703483824e-02
2.052610520695453e-02
4.256877289299154e-02
4.390376459923573e-02
4.219682890106924e-02
4.404380082996795e-02
2.020165723479294e-02
2.095894468948245e-02
4.288879378145793e-02
2.163401399593567e-02
4.425371971592540e-02
4.217594833608018e-02
4.077408611556165e-02
4.028158259825432e-02
2.200783718944876e-02
4.292954511765856e-02
4.208150060003391e-02
3.991336006583879e-02
4.342350667866413e-02
2.112096486962400e-02
2.185984575407929e-02
1.647592235967750e-01
0.000000000000000e+00
0.000000000000000e+00
0.000000000000000e+00
0.000000000000000e+00
0.000000000000000e+00
0.000000000000000e+00
0.000000000000000e+00
0.000000000000000e+00
0.000000000000000e+00
0.000000000000000e+00
0.000000000000000e+00
0.000000000000000e+00
0.000000000000000e+00
0.000000000000000e+00
0.000000000000000e+00
0.000000000000000e+00
0.000000000000000e+00
0.000000000000000e+00
0.000000000000000e+00
0.000000000000000e+00
0.000000000000000e+00
0.000000000000000e+00
0.000000000000000e+00
0.000000000000000e+00
0.000000000000000e+00
0.000000000000000e+00
0.000000000000000e+00
0.000000000000000e+00
0.000000000000000e+00
0.000000000000000e+00
0.000000000000000e+00
0.000000000000000e+00
0.000000000000000e+00
0.000000000000000e+00
0.000000000000000e+00
0.000000000000000e+00
0.000000000000000e+00
0.000000000000000e+00
6.211333884493796e-03
5.955186146820779e-03
0.000000000000000e+00
6.242963211661844e-03
5.617555440039724e-03
0.000000000000000e+00
5.708755211344398e-03
5.849127013789256e-03
0.000000000000000e+00
5.544411274058803e-03
5.805271177450777e-03
0.000000000000000e+00
6.354837279104687e-03
5.684018342435595e-03
0.000000000000000e+00
5.588408112089382e-03
6.186181399243653e-03
0.000000000000000e+00
6.047094005225517e-03
5.407822503912030e-03
0.000000000000000e+00
2.520378923918543e-03
3.023544539701106e-03
0.000000000000000e+00
5.244998952775860e-04
7.523590145410708e-04
0.000000000000000e+00
1.337926573341974e-03
1.292538036295810e-03
0.000000000000000e+00
0.000000000000000e+00
1.080373590639283e-03
1.452145178745923e-03
0.000000000000000e+00
1.214752590271928e-03
1.249595247486468e-03
0.000000000000000e+00
1.428668089147322e-03
1.464200207692557e-03
0.000000000000000e+00
1.186482905495723e-03
1.257652662957299e-03
0.000000000000000e+00
1.439163017494138e-03
1.259476987797825e-03
0.000000000000000e+00
1.276480621982046e-03
1.118280109949410e-03
0.000000000000000e+00
1.140212723043988e-03
1.324132882700724e-03
0.000000000000000e+00
6.301271336610627e-04
6.760249931403451e-04
0.000000000000000e+00
1.218866114527372e-03
1.386416839750382e-03
0.000000000000000e+00
2.199179840090437e-03
2.834863648786268e-03
0.000000000000000e+00
2.418791976651846e-03
2.545047293097014e-03
0.000000000000000e+00
2.553806330524822e-03
2.329115824068140e-03
0.000000000000000e+00
2.436174437434602e-03
2.790993034977874e-03
0.000000000000000e+00
0.000000000000000e+00
2.445804575927468e-03
2.539115986110119e-03
0.000000000000000e+00
2.327740903638186e-03
2.594409892026306e-03
0.000000000000000e+00
2.205185034426904e-03
2.794782224555093e-03
0.000000000000000e+00
2.585020964943396e-03
2.557393715278522e-03
0.000000000000000e+00
1.391899588952583e-03
1.233723013342569e-03
0.000000000000000e+00
2.965959510220272e-03
3.114796647878393e-03
0.000000000000000e+00
5.921514450164978e-03
5.774649796876474e-03
0.000000000000000e+00
6.378143196343445e-03
5.849263705385965e-03
0.000000000000000e+00
6.002139094562153e-03
6.059141953301151e-03
0.000000000000000e+00
5.933187419941532e-03
5.966618366983313e-03
0.000000000000000e+00
6.265389253712782e-03
5.536164830118651e-03
0.000000000000000e+00
5.861658308276675e-03
6.158215653158551e-03
0.000000000000000e+00
0.000000000000000e+00
5.804115456157888e-03
5.775795666522753e-03
0.000000000000000e+00
5.690767336091085e-03
5.801661780424184e-03
0.000000000000000e+00
2.853341335594449e-03
3.195710684394725e-03
0.000000000000000e+00
3.187144677667676e-03
2.816212634570547e-03
0.000000000000000e+00
2.847867514446989e-03
3.121231004570292e-03
0.000000000000000e+00
1.233147076845853e-03
1.371021332943201e-03
0.000000000000000e+00
2.227341233719926e-03
2.448605522204161e-03
0.000000000000000e+00
2.372610228121629e-03
2.462071337731686e-03
0.000000000000000e+00
2.844994220140507e-03
2.320850754358617e-03
0.000000000000000e+00
2.635626102801325e-03
2.367078682482315e-03
0.000000000000000e+00
2.491213739858722e-03
2.248247043553420e-03
0.000000000000000e+00
2.592431558241514e-03
2.431215672686449e-03
0.000000000000000e+00
2.546634177861051e-03
2.427822242225375e-03
0.000000000000000e+00
2.347358610677475e-03
2.625094384711701e-03
0.000000000000000e+00
1.205425389912307e-03
1.216790880562257e-03
0.000000000000000e+00
0.000000000000000e+00
5.972319391730708e-03
6.899128131863108e-04
6.172390941173944e-03
7.017070813617464e-04
0.000000000000000e+00
0.000000000000000e+00
0.000000000000000e+00
1.016385452658142e-03
1.458609244309627e-03
0.000000000000000e+00
1.310660294166155e-03
1.374312706502678e-03
0.000000000000000e+00
1.320974968166411e-03
1.228506104666849e-03
0.000000000000000e+00
1.119775943948298e-03
1.148075183664332e-03
0.000000000000000e+00
6.230768720342894e-03
1.314068502097143e-03
5.966615904071660e-03
1.078698887681640e-03
0.000000000000000e+00
0.000000000000000e+00
0.000000000000000e+00
1.285607556837931e-03
1.330297550566684e-03
0.000000000000000e+00
1.503917428863133e-03
1.346462717265240e-03
0.000000000000000e+00
1.306909741515483e-03
1.339533623195166e-03
0.000000000000000e+00
5.755910733569181e-04
6.130410304194810e-04
0.000000000000000e+00
0.000000000000000e+00
6.056933337276860e-03
2.843539562945808e-03
6.005643202115607e-03
2.752225574113254e-03
0.000000000000000e+00
0.000000000000000e+00
0.000000000000000e+00
5.983498547720957e-03
5.421949149422289e-03
0.000000000000000e+00
5.641704288791516e-03
5.711887419238338e-03
0.000000000000000e+00
5.695948686479825e-03
5.598161242232891e-03
0.000000000000000e+00
5.362600983062293e-03
5.756142862992419e-03
0.000000000000000e+00
6.587265330381342e-03
5.474411630530085e-03
5.644174589178874e-03
5.378800784455962e-03
0.000000000000000e+00
0.000000000000000e+00
0.000000000000000e+00
6.455420128077094e-03
5.875435220332292e-03
0.000000000000000e+00
6.286343706051411e-03
6.272884509598953e-03
0.000000000000000e+00
6.057228270947236e-03
6.871810439406545e-03
0.000000000000000e+00
3.186484925208788e-03
2.852751160389743e-03
0.000000000000000e+00
0.000000000000000e+00
6.032634250914271e-03
1.655203839800379e-02
6.004424676575582e-03
1.623602466679586e-02
0.000000000000000e+00
0.000000000000000e+00
0.000000000000000e+00
3.070099665637827e-02
3.276998529327103e-02
0.000000000000000e+00
3.251724129950162e-02
3.048530716841924e-02
0.000000000000000e+00
3.123202011192916e-02
3.172325769264717e-02
0.000000000000000e+00
3.109032880456653e-02
3.264743080944755e-02
0.000000000000000e+00
5.977830156552955e-03
3.155385124046006e-02
6.521027784401668e-03
3.116832921659807e-02
0.000000000000000e+00
0.000000000000000e+00
0.000000000000000e+00
3.100131425162545e-02
3.250050088900026e-02
0.000000000000000e+00
3.357992610472138e-02
3.240395228931448e-02
0.000000000000000e+00
3.316181729678647e-02
3.319965500850230e-02
0.000000000000000e+00
1.721247062050679e-02
1.590856332222756e-02
0.000000000000000e+00
0.000000000000000e+00
5.755527135079319e-03
1.508285248746688e-02
6.030046346495510e-03
1.572005575872027e-02
0.000000000000000e+00
0.000000000000000e+00
0.000000000000000e+00
3.180147237799246e-02
3.167804602344403e-02
0.000000000000000e+00
3.219172565513873e-02
3.290188160099206e-02
0.000000000000000e+00
3.107928757162882e-02
3.302481783612165e-02
0.000000000000000e+00
3.014057342443266e-02
3.235469898208976e-02
0.000000000000000e+00
5.750955971052463e-03
3.165475180503562e-02
5.623981176540838e-03
3.112819114539889e-02
0.000000000000000e+00
0.000000000000000e+00
0.000000000000000e+00
3.337727773396182e-02
3.178766529526911e-02
0.000000000000000e+00
3.170515529200202e-02
3.211309227481251e-02
0.000000000000000e+00
3.032037828961620e-02
3.268600246883580e-02
0.000000000000000e+00
1.540806765660819e-02
1.591014451150841e-02
0.000000000000000e+00
0.000000000000000e+00
3.538219803431276e-03
2.762897986031021e-03
0.000000000000000e+00
5.528583372324647e-03
5.286464995151618e-03
0.000000000000000e+00
0.000000000000000e+00
0.000000000000000e+00
0.000000000000000e+00
0.000000000000000e+00
0.000000000000000e+00
0.000000000000000e+00
0.000000000000000e+00
0.000000000000000e+00
0.000000000000000e+00
0.000000000000000e+00
0.000000000000000e+00
0.000000000000000e+00
0.000000000000000e+00
0.000000000000000e+00
0.000000000000000e+00
0.000000000000000e+00
0.000000000000000e+00
0.000000000000000e+00
0.000000000000000e+00
0.000000000000000e+00
0.000000000000000e+00
0.000000000000000e+00
0.000000000000000e+00
0.000000000000000e+00
0.000000000000000e+00
0.000000000000000e+00
0.000000000000000e+00
0.000000000000000e+00
0.000000000000000e+00
0.000000000000000e+00
0.000000000000000e+00
0.000000000000000e+00
0.000000000000000e+00
0.000000000000000e+00
0.000000000000000e+00
0.000000000000000e+00
0.000000000000000e+00
0.000000000000000e+00
0.000000000000000e+00
0.000000000000000e+00
0.000000000000000e+00
0.000000000000000e+00
0.000000000000000e+00
0.000000000000000e+00
0.000000000000000e+00
0.000000000000000e+00
0.000000000000000e+00
0.000000000000000e+00
6.599735298368613e-02
0.000000000000000e+00
0.000000000000000e+00
0.000000000000000e+00
6.464185507502407e-02
6.222301476373105e-02
6.407191761536524e-02
6.369590981921645e-02
0.000000000000000e+00
0.000000000000000e+00
0.000000000000000e+00
0.000000000000000e+00
6.421304245304783e-02
6.425094666337827e-02
6.425993629090952e-02
6.331792184209918e-02
0.000000000000000e+00
0.000000000000000e+00
0.000000000000000e+00
3.218753131659469e-02
3.113233376279823e-02
0.000000000000000e+00
3.145036215573782e-02
3.158909550620592e-02
0.000000000000000e+00
0.000000000000000e+00
0.000000000000000e+00
3.205471634282731e-02
3.161920213824487e-02
3.070224288967438e-02
3.118316825930379e-02
0.000000000000000e+00
0.000000000000000e+00
0.000000000000000e+00
0.000000000000000e+00
3.228286077501252e-02
3.167943756852765e-02
3.227264215456672e-02
3.255676856861101e-02
0.000000000000000e+00
0.000000000000000e+00
0.000000000000000e+00
6.176561266329372e-02
0.000000000000000e+00
6.508818885049548e-02
6.151475033402677e-02
6.247675377380802e-02
0.000000000000000e+00
0.000000000000000e+00
0.000000000000000e+00
6.421195384609746e-02
6.254252829239702e-02
6.448377062770305e-02
6.176816916558891e-02
0.000000000000000e+00
0.000000000000000e+00
0.000000000000000e+00
0.000000000000000e+00
6.327585531107614e-02
6.237118845456279e-02
6.117506063310429e-02
6.388455407432046e-02
0.000000000000000e+00
0.000000000000000e+00
0.000000000000000e+00
0.000000000000000e+00
6.376713722420392e-02
6.498085516068386e-02
6.488131412334042e-02
6.399661655450473e-02
0.000000000000000e+00
0.000000000000000e+00
0.000000000000000e+00
6.258020591485547e-02
6.286849464959234e-02
6.765000118321042e-02
0.000000000000000e+00
6.073837654548698e-02
0.000000000000000e+00
0.000000000000000e+00
0.000000000000000e+00
6.487804337666601e-02
6.394906758214347e-02
6.246073007059749e-02
6.402163973689312e-02
0.000000000000000e+00
0.000000000000000e+00
0.000000000000000e+00
0.000000000000000e+00
6.304168659698915e-02
6.338583416800246e-02
6.210140111215879e-02
6.362071712646866e-02
0.000000000000000e+00
0.000000000000000e+00
0.000000000000000e+00
6.628812925919192e-02
6.254639013786800e-02
0.000000000000000e+00
6.589603864995296e-02
6.676241215609481e-02
0.000000000000000e+00
0.000000000000000e+00
0.000000000000000e+00
3.224784556005033e-02
3.208683517368627e-02
3.132705894677201e-02
3.160256270712125e-02
0.000000000000000e+00
0.000000000000000e+00
0.000000000000000e+00
0.000000000000000e+00
0.000000000000000e+00
3.090355143649504e-02
3.201458073453978e-02
3.345834447100060e-02
3.261124078562716e-02
0.000000000000000e+00
0.000000000000000e+00
0.000000000000000e+00
1.624891554638452e-02
0.000000000000000e+00
1.641446138455649e-02
1.587164920238138e-02
1.598150614518090e-02
0.000000000000000e+00
0.000000000000000e+00
0.000000000000000e+00
3.281143855929258e-02
3.141347512791981e-02
3.183079826703761e-02
3.105549830797827e-02
0.000000000000000e+00
0.000000000000000e+00
0.000000000000000e+00
0.000000000000000e+00
3.032841723324964e-02
3.061773053923389e-02
3.238961568058585e-02
3.371504882670705e-02
0.000000000000000e+00
0.000000000000000e+00
0.000000000000000e+00
0.000000000000000e+00
3.238381059782115e-02
3.096493950943114e-02
3.184609541131068e-02
3.348505228495924e-02
0.000000000000000e+00
0.000000000000000e+00
0.000000000000000e+00
3.255467016788316e-02
3.114350553005352e-02
3.198839013202815e-02
0.000000000000000e+00
3.128607363396440e-02
0.000000000000000e+00
0.000000000000000e+00
0.000000000000000e+00
3.246846826004913e-02
3.401138635672395e-02
3.271818287248607e-02
3.088290731102461e-02
0.000000000000000e+00
0.000000000000000e+00
0.000000000000000e+00
0.000000000000000e+00
3.277115517630592e-02
3.121510729761212e-02
3.177501331811072e-02
3.327914794499520e-02
0.000000000000000e+00
0.000000000000000e+00
0.000000000000000e+00
3.095375050179427e-02
3.321498909645016e-02
0.000000000000000e+00
3.202862425678177e-02
3.165413607712252e-02
0.000000000000000e+00
0.000000000000000e+00
0.000000000000000e+00
3.232918075445923e-02
3.261859503982122e-02
3.189133909836527e-02
3.156160941216513e-02
0.000000000000000e+00
0.000000000000000e+00
0.000000000000000e+00
0.000000000000000e+00
3.270231925853295e-02
3.155679934570799e-02
3.143698608255362e-02
3.316762237955118e-02
0.000000000000000e+00
0.000000000000000e+00
0.000000000000000e+00
1.577868413914985e-02
0.000000000000000e+00
1.668418715416920e-02
1.593049801340385e-02
1.648125185420213e-02
0.000000000000000e+00
0.000000000000000e+00
0.000000000000000e+00
3.350152423809050e-02
3.144576636259443e-02
3.205771370630828e-02
3.238048320417874e-02
0.000000000000000e+00
0.000000000000000e+00
0.000000000000000e+00
0.000000000000000e+00
3.149386210134252e-02
3.120518176365294e-02
3.162048038939248e-02
3.090099247128819e-02
0.000000000000000e+00
0.000000000000000e+00
0.000000000000000e+00
0.000000000000000e+00
0.000000000000000e+00
3.176043288112852e-02
3.102874616160989e-02
3.120583689815249e-02
3.200449264841154e-02
0.000000000000000e+00
0.000000000000000e+00
0.000000000000000e+00
3.117236839170801e-02
3.131311147808446e-02
3.226428303241846e-02
0.000000000000000e+00
3.277444562627352e-02
0.000000000000000e+00
0.000000000000000e+00
0.000000000000000e+00
3.218072136587580e-02
3.236398662193097e-02
3.177861409494653e-02
3.191756418164004e-02
0.000000000000000e+00
0.000000000000000e+00
0.000000000000000e+00
0.000000000000000e+00
0.000000000000000e+00
0.000000000000000e+00
0.000000000000000e+00
0.000000000000000e+00
0.000000000000000e+00
0.000000000000000e+00
0.000000000000000e+00
0.000000000000000e+00
0.000000000000000e+00
1.603872820305696e-02
1.598342721626978e-02
1.578115320808138e-02
1.566261819607461e-02
0.000000000000000e+00
0.000000000000000e+00
0.000000000000000e+00
1.568463046896795e-02
1.612921188279870e-02
0.000000000000000e+00
1.626603031945706e-02
1.604286096880969e-02
0.000000000000000e+00
0.000000000000000e+00
0.000000000000000e+00
3.223023574173567e-02
3.175276583715458e-02
3.098495312951855e-02
3.212780078320066e-02
0.000000000000000e+00
0.000000000000000e+00
0.000000000000000e+00
0.000000000000000e+00
6.414228300127434e-02
6.593789829639717e-02
6.116330269287575e-02
6.299055655108531e-02
0.000000000000000e+00
0.000000000000000e+00
0.000000000000000e+00
6.460676843562395e-02
0.000000000000000e+00
6.428274777863406e-02
6.298377369239462e-02
6.341534970124484e-02
0.000000000000000e+00
0.000000000000000e+00
0.000000000000000e+00
6.538319640822010e-02
6.684250111720759e-02
6.172162506118183e-02
6.673747763852587e-02
0.000000000000000e+00
0.000000000000000e+00
0.000000000000000e+00
0.000000000000000e+00
6.481377616000829e-02
6.399672984844074e-02
6.302788444008910e-02
6.509893207112329e-02
0.000000000000000e+00
0.000000000000000e+00
0.000000000000000e+00
0.000000000000000e+00
6.558937659428921e-02
6.367803893226665e-02
6.180946234235307e-02
6.466639060090530e-02
0.000000000000000e+00
0.000000000000000e+00
0.000000000000000e+00
6.332669965922832e-02
6.335521032451653e-02
6.322588775947226e-02
