5.520811509275974e-04
5.349081732596143e-04
5.734822243504514e-04
5.426679296905230e-04
5.302832030298978e-04
5.370196350798587e-04
2.656286243271864e-04
2.722701736694293e-04
5.357501728284576e-04
5.183518871725517e-04
5.489217702449952e-04
5.389701732058386e-04
5.520350598457875e-04
5.472127950028758e-04
5.388161995402749e-04
5.372854646982976e-04
2.688285311299872e-04
2.586541111422397e-04
5.356482839710059e-04
5.317765567743542e-04
5.407195959987109e-04
5.247970802452675e-04
5.415525129396075e-04
5.299848905576800e-04
5.278665415642916e-04
5.137298868678905e-04
2.619554769153809e-04
1.324909483847583e-04
2.647913344354150e-04
2.729268301602204e-04
2.715655224713959e-04
2.783806811061550e-04
2.731864729960045e-04
2.689639017956017e-04
2.750693785429480e-04
2.778544835681885e-04
1.326825096732437e-04
1.328208121016110e-04
1.393837998548919e-04
2.785847282020156e-04
5.452952695132245e-04
5.408481760193576e-04
5.365682603476495e-04
5.358493544072874e-04
5.405380781302538e-04
5.451592455987884e-04
5.336681723055870e-04
5.325773635051294e-04
2.756657655342049e-04
2.778042058573323e-04
2.727627300154999e-04
5.364249811060945e-04
5.426595743911610e-04
5.529551664232270e-04
5.457389713778304e-04
2.759332451110078e-04
5.303288900402719e-04
5.330826503462784e-04
5.471610559003256e-04
5.359662298253353e-04
2.691792258517911e-04
2.707084308344146e-04
2.712944938004793e-04
5.300233446893479e-04
5.462604210764228e-04
5.401073110412852e-04
5.486806697984452e-04
2.674640851530091e-04
5.462801667005997e-04
5.430326625274689e-04
5.437583748266878e-04
5.387304959886800e-04
2.691253418033678e-04
2.778378111317671e-04
2.693037303630365e-04
5.273116347507908e-04
5.354170159294008e-04
5.341911619653191e-04
5.296051307529940e-04
2.663109460886934e-04
5.159431612209818e-04
5.337230766343864e-04
5.309576386638770e-04
5.311191190787866e-04
2.676919545048685e-04
2.603404987910819e-04
2.666408614368962e-04
5.439572947049927e-04
5.438666794406081e-04
5.339822121360340e-04
5.372676990241576e-04
2.690604097684293e-04
5.391955238457464e-04
5.314195910883464e-04
5.395717727186212e-04
5.654869526381759e-04
2.696302627353828e-04
2.685571522638261e-04
5.627444434768235e-04
5.501204616292064e-04
1.338291903291060e-04
5.438726282700839e-04
5.329764469038257e-04
5.351597795635027e-04
5.439878020984176e-04
5.470994305166390e-04
5.463443197756032e-04
5.435005368433183e-04
5.411321215071813e-04
2.814262281306866e-04
2.659092003082014e-04
5.570576588170304e-04
5.389043589482648e-04
5.423409775328514e-04
1.345199089195389e-04
5.349688019337585e-04
5.370436279437973e-04
5.316408426480192e-04
5.370289825990803e-04
5.262433506880540e-04
2.601525853697278e-04
2.679724743648507e-04
5.152417560634850e-04
5.479463013911286e-04
5.321817281826876e-04
5.337922716229756e-04
5.434085073289074e-04
5.320197449233241e-04
1.313334790215524e-04
5.428791872166764e-04
5.511886828363866e-04
2.682412222769946e-04
1.358432911368244e-04
2.625391322891388e-04
2.638401143573964e-04
2.762970553181748e-04
2.651263388388713e-04
2.700353353706985e-04
2.646295419875629e-04
2.657858911749544e-04
2.722949859004466e-04
2.624636652139250e-04
5.368819589622173e-04
5.296923069204893e-04
5.345122999839936e-04
5.400944974870786e-04
2.699845637947537e-04
2.631582280951040e-04
5.249517408322724e-04
2.715492563512519e-04
5.431476702375457e-04
5.539818086796333e-04
5.437459159574085e-04
5.364131373233345e-04
2.659797040392752e-04
5.259361666029725e-04
5.344798530476756e-04
5.410367202411202e-04
5.410984758256027e-04
2.691176285286210e-04
2.748385257969854e-04
5.436336289950013e-04
2.703453569351979e-04
5.281023307162983e-04
5.467099325903433e-04
5.394069789179354e-04
5.350911188471458e-04
2.732147333032763e-04
5.539076211639669e-04
5.364898076334911e-04
5.440708028610733e-04
5.388060708162770e-04
2.633305241554531e-04
2.737819777646258e-04
5.410292628782830e-04
2.661340458588141e-04
5.372108865802431e-04
5.473823703155551e-04
5.512123210153978e-04
5.409670987326818e-04
2.653145036824522e-04
5.512240076592660e-04
5.437803159056676e-04
5.302706139598223e-04
5.329775423863858e-04
2.716404530295363e-04
2.716372137235237e-04
5.415602172349890e-04
2.677014681423472e-04
5.439903208103692e-04
5.438879560465596e-04
5.277990885725601e-04
5.486801400158956e-04
2.717397782782101e-04
5.149497830231310e-04
5.381189922360308e-04
5.400654806682846e-04
5.394762996176381e-04
2.673578480379369e-04
2.682718508918502e-04
4.726394099718129e-03
8.224069586622331e-05
7.493638995753027e-05
7.345131378480535e-05
7.504569661249094e-05
7.632854934231581e-05
7.661124978502696e-05
9.841079572913524e-05
9.402486798769647e-05
7.024444067820431e-05
4.880670506825949e-05
2.708480004757023e-05
2.109970712463663e-05
2.022352928561366e-05
2.206158346436150e-05
2.144905381923283e-05
2.676071918223885e-05
4.967809409955445e-05
7.209158085216091e-05
8.398311643783438e-05
6.455499812629824e-05
4.000592620810761e-05
4.015362666462599e-05
3.796747167820991e-05
3.951417632127812e-05
3.982428178672146e-05
3.933614890045529e-05
6.538882310550530e-05
7.811523257248865e-05
5.474919763762256e-05
7.856990385416389e-05
6.941762577720312e-05
6.731374029638543e-05
6.985507912601824e-05
6.653161681863652e-05
6.900002496313240e-05
7.307620024042411e-05
7.708669510880504e-05
5.500592975604096e-05
7.638767621762245e-05
7.583929010692156e-05
7.913069776400438e-05
7.682385225173127e-05
7.420240569868314e-05
7.621144158319212e-05
8.168678969073714e-05
7.837684806257527e-05
7.810565832429460e-05
7.324696139052636e-05
7.250545719389048e-05
7.606502629832464e-05
7.342157132105741e-05
7.350642127174353e-05
7.751382331000740e-05
7.952505970021208e-05
7.273528797584596e-05
7.466344335031810e-05
8.297465346757987e-05
8.169705983973779e-05
1.006641904473581e-04
8.972571514836853e-05
9.063357162677068e-05
9.160037651559521e-05
7.023499606959602e-05
6.599266802080965e-05
7.058035368118147e-05
2.890030942532810e-05
2.680796818125797e-05
4.706022862960868e-05
5.400871091531117e-05
1.830055360186290e-05
1.713277726022858e-05
2.451463296581365e-05
1.512769243673062e-05
1.639984954997502e-05
1.983601650055028e-05
1.792276722314373e-05
1.712032954500438e-05
2.037801744074546e-05
1.679864196111634e-05
1.689124994307281e-05
2.017633191794469e-05
1.702838884212779e-05
1.571407241647932e-05
2.004956152000032e-05
1.728481692485103e-05
1.730483824360158e-05
2.685437789023172e-05
2.561278688704275e-05
2.932440232047199e-05
4.701145720727251e-05
7.309700374606916e-05
6.943461136898744e-05
7.267742045651514e-05
7.336786349267702e-05
7.287407585114690e-05
7.872236056821124e-05
3.939780739555110e-05
4.037933591793334e-05
6.220579273908009e-05
3.123466224091568e-05
3.443001538311582e-05
4.213733989732447e-05
3.211567196055932e-05
3.494674404012741e-05
3.779570540041034e-05
3.415162012513261e-05
3.225850419808830e-05
5.532387168189797e-05
3.866094679347087e-05
3.441951289303942e-05
3.055411825342511e-05
3.935434319898336e-05
3.367548367083572e-05
2.962178949716179e-05
4.004104310256070e-05
3.437685361238446e-05
2.956485919907857e-05
4.375824412208099e-05
4.098038263854277e-05
3.766761615819539e-05
6.197116304761071e-05
7.436662089152075e-05
7.464253433713138e-05
7.725064933884016e-05
5.840131986570362e-05
5.970015418203623e-05
5.656685013732013e-05
8.345160592169354e-05
8.291372791317231e-05
7.737037570535386e-05
7.578440457866804e-05
7.343313954954651e-05
6.745724346086142e-05
7.458272390764536e-05
7.543482301754963e-05
6.638447757244602e-05
7.656660353920605e-05
7.490957392503721e-05
6.807417187254019e-05
7.135879112949672e-05
7.595816960705043e-05
6.769351244769862e-05
7.614239812139144e-05
7.467198160424682e-05
6.912444108375124e-05
7.680584132867788e-05
7.175918719915004e-05
7.775654116472251e-05
6.646923829069001e-05
7.830372909137336e-05
7.741700611028907e-05
7.601178595814739e-05
6.326345786059741e-05
5.990207962225216e-05
5.594964252350320e-05
6.343518036399139e-05
6.020994305243555e-05
5.545288439570750e-05
6.107076842172837e-05
5.906076248516761e-05
5.456327763535328e-05
7.548866273035706e-05
7.373231179598678e-05
7.823236670849776e-05
4.137202494950144e-05
4.077559670928551e-05
6.284510670831830e-05
3.286865346961117e-05
3.310634891279931e-05
4.127668990625910e-05
3.261427562851834e-05
3.209718891931755e-05
4.002491167289543e-05
3.202791325674369e-05
3.434011439917600e-05
3.839148880995952e-05
2.987750905184605e-05
3.010028485876945e-05
3.908015589603876e-05
3.247177689022673e-05
3.243598696428790e-05
3.912240605436467e-05
3.398511757930104e-05
3.392714272849501e-05
4.251769514616834e-05
4.266984796482314e-05
4.136041322721194e-05
6.089454978179238e-05
7.373744967653876e-05
7.741883902321998e-05
6.685970290177558e-05
7.838989339664742e-05
8.094141819373167e-05
6.947919952953941e-05
8.047560744825790e-05
7.087764867907492e-05
7.852737701914632e-05
7.410061617545957e-05
7.492046140539853e-05
2.815468875093704e-05
2.533051394629889e-05
4.645454575048043e-05
1.701197533412146e-05
1.817714190742845e-05
2.445417489960923e-05
1.519097675814637e-05
1.721894486261332e-05
1.937823709577654e-05
1.618999413767450e-05
1.740124940764767e-05
1.962759434927594e-05
7.977163475351089e-05
1.681824882603974e-05
7.149825919171507e-05
1.701146680741309e-05
6.883723720876383e-05
2.051834990717138e-05
6.780360086864605e-05
1.618704301316522e-05
1.609639134026052e-05
2.181253164958306e-05
1.708158204063750e-05
1.559622757774122e-05
2.545697553826034e-05
2.414505716434299e-05
2.582751241241753e-05
5.040501384279395e-05
6.659362158050464e-05
7.329296604594595e-05
4.082938254590147e-05
7.194831339602266e-05
7.346197565861485e-05
9.242087331072486e-05
7.808344842556783e-05
8.521657592427976e-05
6.819492357032297e-05
8.892644837873312e-05
7.116188880232067e-05
8.036674667490274e-05
7.950486005687984e-05
1.005774492178670e-04
8.391386981789498e-05
6.948521037275642e-05
7.858787773733564e-05
7.138834165931250e-05
6.495792806058205e-05
7.408910911889624e-05
7.990851619732795e-05
7.320497331742359e-05
7.579543965734563e-05
7.454524908799959e-05
7.623086900111317e-05
7.917719235604024e-05
7.526161386799701e-05
6.930110897255470e-05
7.554171646810029e-05
6.461272365941609e-05
7.017463172551638e-05
7.043896235116938e-05
7.820589217248919e-05
7.571185158808181e-05
7.578487403110734e-05
7.494378755146755e-05
7.807595907374192e-05
7.988928071333907e-05
1.019081681377691e-04
9.418158260450161e-05
8.953027870256895e-05
3.788483037076926e-05
8.884807816249300e-05
7.528712199982090e-05
2.227779597262109e-04
7.532222682825194e-05
2.189614017496333e-04
6.785379860703056e-05
1.560287897239624e-04
6.710054547218000e-05
4.157981279280267e-04
4.146834834025224e-04
2.645166298368507e-04
4.180123653180408e-04
3.961575533450766e-04
2.679129523974731e-04
4.157797987987173e-04
4.041116434434905e-04
2.647898550849906e-04
4.004942028912531e-04
3.894214984284562e-04
2.630409957472875e-04
7.748948193445522e-05
4.084120702302628e-04
7.628645912893334e-05
4.102672362731187e-04
7.301554799544623e-05
2.571568985155686e-04
7.155358835673280e-05
4.014750526297439e-04
4.119778794323328e-04
2.645221106169129e-04
3.795482014542486e-04
3.953058515720846e-04
2.576633975710258e-04
4.121014354981241e-04
4.181037797459323e-04
2.712508855131598e-04
2.237227685374435e-04
2.163645827894046e-04
3.922144873363831e-05
1.546008529001678e-04
7.432188737749386e-05
2.237923092315947e-04
7.420231871108231e-05
2.180934136529254e-04
6.772543465236010e-05
1.488045727381387e-04
6.876244975925702e-05
4.120625638259723e-04
4.118058841807195e-04
2.854669649400072e-04
4.142390182918704e-04
4.103700859226517e-04
2.742288336312747e-04
3.903211567463883e-04
4.060624756436823e-04
2.658344055629603e-04
4.106656394848977e-04
4.027633872620517e-04
2.659566360499571e-04
8.271530751205930e-05
3.970167596225735e-04
8.115647286896377e-05
4.207552583472576e-04
7.726423399603743e-05
2.635035868291102e-04
7.594579884779243e-05
4.031249189552873e-04
3.914831943616634e-04
2.602127089545768e-04
3.927142451333813e-04
4.135950743374271e-04
2.628670239128993e-04
4.130878457085437e-04
4.181403302521681e-04
2.739348739063600e-04
2.174251872500143e-04
2.188699704854319e-04
3.625442738060781e-05
1.537460498789038e-04
9.148824556965936e-05
8.978266284397192e-05
8.779268734582951e-05
8.201954195714755e-05
7.766930214167052e-05
1.022309230033983e-04
3.927376251556419e-05
4.319713397022068e-05
6.189672523213822e-05
7.903555914437681e-05
7.128241489355164e-05
4.720055085394610e-05
2.547059948018053e-05
2.223827436278841e-05
1.999553099568137e-05
2.102983335215580e-05
2.105737573111575e-05
2.442388651851483e-05
4.415706936402650e-05
7.070299216808666e-05
9.294339323741267e-05
9.771140812276722e-05
7.908166818491740e-05
7.378534392713238e-05
7.575956120047756e-05
7.265419757314648e-05
7.768274537386513e-05
7.795574024516551e-05
9.950945024997683e-05
8.987576258647821e-05
1.488744344445975e-04
2.711002656405157e-04
2.723764444571212e-04
2.651701042650825e-04
2.650419530091264e-04
2.697835786624422e-04
2.693243829031034e-04
2.644041284920983e-04
2.663294278672118e-04
1.520517211039217e-04
1.574467875128498e-04
2.881312570955392e-04
2.708937245259579e-04
2.653740323843535e-04
2.590085468920894e-04
2.740910205783133e-04
2.719805195501503e-04
2.627720862065692e-04
2.714156164582888e-04
1.464166284050112e-04
9.076033444837564e-05
9.964107090818010e-05
1.443448318083224e-04
1.401978040077380e-04
8.130606146150935e-04
5.645683950012413e-04
5.735053013191348e-04
5.752858645506818e-04
8.069647749714979e-04
8.093264602733826e-04
8.155058663796447e-04
7.993072306551898e-04
5.763480336656855e-04
5.739537667370040e-04
2.933081731930664e-04
5.767237841837891e-04
8.171467780331961e-04
8.452400152353459e-04
8.118735155914157e-04
8.018757646148922e-04
5.634787804563617e-04
5.744833292920966e-04
5.642553473906538e-04
4.090221597328857e-04
4.094058794376453e-04
5.746635586216410e-04
3.949887430435644e-04
3.922511523295255e-04
2.854152999172204e-04
2.832602387890219e-04
2.879844714118553e-04
4.170202150483875e-04
4.063810792365157e-04
4.081461193903931e-04
4.063233060005200e-04
2.733195673925288e-04
5.560497924133543e-04
2.905755862303112e-04
2.906158878663786e-04
4.067578982990836e-04
4.070643909730410e-04
3.991848834823644e-04
4.087681020622849e-04
2.832990992369672e-04
2.837347690593603e-04
2.945004465759676e-04
8.101610698246283e-04
5.600896133274197e-04
7.949403318723391e-04
7.881662134264388e-04
8.013912650042888e-04
5.527408873406681e-04
5.775892917308477e-04
5.953471628025721e-04
8.133407438726873e-04
7.737914080049714e-04
7.844002272349295e-04
7.905821610325084e-04
5.728760543407584e-04
5.700463959500062e-04
5.709243219592008e-04
5.740872360220273e-04
7.758265676690339e-04
7.995565966074492e-04
8.038682678043515e-04
8.105896235000634e-04
5.567224007465057e-04
5.767583726987184e-04
5.779776672364874e-04
5.626887624329300e-04
8.047357148943033e-04
8.208703322342333e-04
8.166393720618491e-04
8.012162302375396e-04
5.885824951385938e-04
5.803010600352790e-04
5.708944925078521e-04
7.810467081860163e-04
8.206530944508257e-04
8.072777731955764e-04
5.825821690031249e-04
8.049624708048722e-04
5.800663259586886e-04
5.713443317686039e-04
5.570725645633393e-04
8.096469876952206e-04
8.129873385049999e-04
8.024806011888460e-04
7.826335505917362e-04
5.638698093644319e-04
5.636467709110750e-04
5.720789695568780e-04
5.663015022874608e-04
8.146015006294820e-04
8.111930548033561e-04
8.284234465327251e-04
7.931389410031031e-04
5.784169602327576e-04
5.685985945254453e-04
5.652745233048578e-04
7.778669712824004e-04
8.340904720992936e-04
5.682157637778450e-04
8.242900875708872e-04
8.068196639394324e-04
5.717574139977196e-04
5.827435147275558e-04
5.894928052285496e-04
3.992660210267314e-04
3.927461982046110e-04
4.067579589097990e-04
4.024158768476484e-04
2.894198386603913e-04
2.821114906343115e-04
2.874069927189661e-04
2.838897080066880e-04
2.886217639014924e-04
4.082513912237012e-04
4.033055882737287e-04
3.986143278800803e-04
4.171111154076187e-04
2.934173824780352e-04
2.916980315793733e-04
2.865914239117259e-04
2.039824534101771e-04
2.838777340231318e-04
2.009859819839795e-04
2.039522400909640e-04
2.003876172875272e-04
1.429199861310139e-04
1.428941536196205e-04
1.432286506889403e-04
3.980675563714927e-04
3.981096314321963e-04
4.024749206638265e-04
4.007409401343368e-04
5.513587834419327e-04
2.894352629650434e-04
2.890274673372167e-04
2.896421026434956e-04
4.051385528360128e-04
4.041865874706787e-04
3.933768324949178e-04
4.005701570970318e-04
2.833206227754630e-04
2.889037271944378e-04
2.886580562509773e-04
5.644271226478188e-04
4.140495559300114e-04
4.103312411885955e-04
4.125072421965488e-04
3.948291325814673e-04
2.960061963341467e-04
2.904596065039466e-04
2.859901611251401e-04
4.035912510651557e-04
3.998608186703396e-04
4.069840278989266e-04
5.738789057689442e-04
3.988627667128780e-04
2.863958668057058e-04
2.865945913828166e-04
2.812610459724540e-04
4.002911098529500e-04
4.147907486549154e-04
3.989751457137789e-04
3.984023789428028e-04
2.836189913687137e-04
2.782433192662973e-04
5.692526604693628e-04
2.924140035121412e-04
4.086942018863066e-04
4.082598924377484e-04
4.117731925566985e-04
4.088309172118666e-04
2.881460663136719e-04
2.902175295514259e-04
2.861839313374762e-04
4.027345769686584e-04
4.137540944062592e-04
5.702793970091041e-04
4.057762381728794e-04
3.978877558066390e-04
2.781163690004429e-04
2.788388330142840e-04
2.863027889504022e-04
4.092791514110808e-04
4.170744055176500e-04
4.036756750572029e-04
4.094655248712950e-04
2.875348341868213e-04
5.650827914084327e-04
2.870270780202297e-04
2.840138140586006e-04
4.088833409910168e-04
3.944549085554558e-04
4.034336340221432e-04
3.962571659334383e-04
2.821821919114209e-04
2.809626302375357e-04
2.854907782166408e-04
2.046261504320763e-04
5.795921167006577e-04
2.021826922957331e-04
2.015332855199579e-04
1.994024765348694e-04
1.420352728441139e-04
1.430993366051848e-04
1.405425914296304e-04
4.059770998389188e-04
3.921211535691700e-04
4.025259301929503e-04
4.160021458409503e-04
5.819992286113242e-04
2.935418970910666e-04
2.812288841309824e-04
2.820272327605214e-04
4.125112245450356e-04
3.970156102638220e-04
4.166530061514747e-04
4.221073936144829e-04
2.839552865559241e-04
2.871101169451877e-04
2.833739602050269e-04
2.828909803519916e-04
2.895669296424937e-04
3.985283100507018e-04
4.063794023400561e-04
4.048464024531953e-04
3.918434711886058e-04
2.835605536596897e-04
2.818981386712143e-04
2.826514400701531e-04
3.980389772967546e-04
4.021832978187171e-04
3.847050621394980e-04
1.458274338853168e-04
4.086230875583960e-04
2.874354685310040e-04
2.829456804002318e-04
2.895128446807728e-04
4.104441544617284e-04
3.963609382127503e-04
3.974370096299971e-04
3.999533802121414e-04
2.813164957976921e-04
2.855474537252352e-04
2.934717839623809e-04
2.907304106907320e-04
2.907146653737724e-04
2.868382262552074e-04
2.943810524459680e-04
2.966010927507727e-04
2.892852581789187e-04
2.931982276001474e-04
2.892161889014429e-04
2.928100922925279e-04
1.474380065085417e-04
2.021785550531959e-04
2.021886815323525e-04
2.001652837143422e-04
2.047971961158148e-04
1.409656587129000e-04
1.439239947748959e-04
1.417469364466848e-04
2.039199087639735e-04
1.986584609220161e-04
2.888821363107027e-04
2.011023467006291e-04
2.009741505478467e-04
1.426141736439739e-04
1.437277978891019e-04
1.420184847983650e-04
3.982775118896855e-04
3.928571988729464e-04
4.099132629605793e-04
3.949262331924012e-04
2.865498045538084e-04
2.932392565647999e-04
2.842238144736196e-04
2.891052106815206e-04
8.027397546492240e-04
8.143772813895952e-04
8.034223300777990e-04
7.921686038564746e-04
5.691235461764839e-04
5.692955997939715e-04
5.890989119029656e-04
8.062479567335555e-04
2.796969236056490e-04
7.966725277529864e-04
7.911643830750888e-04
8.033670575950246e-04
5.617813841057273e-04
5.755759115171903e-04
5.835550697585309e-04
8.110404819187709e-04
8.224893881127751e-04
8.149967767773138e-04
8.300549702599115e-04
2.800455025645165e-04
5.788565630171286e-04
5.672501632463842e-04
5.790468492357491e-04
8.131809470887616e-04
8.108128101129469e-04
8.178679198355048e-04
7.591261380765112e-04
5.654270647616646e-04
5.732104099850757e-04
5.675689217332683e-04
2.800302129503431e-04
7.977581913771576e-04
8.158302639079036e-04
8.076202551654418e-04
8.026723779820972e-04
5.619979619057893e-04
5.710585185728091e-04
5.814356163032173e-04
8.312355906715639e-04
8.191683384485930e-04
7.921828496194381e-04
