0.000000000000000e+00
1.576938315810538e+02
3.153876631621076e+02
4.730814947431614e+02
6.307753263242151e+02
7.884691579052690e+02
9.461629894863229e+02
1.103856821067376e+03
1.261550652648430e+03
1.419244484229484e+03
1.576938315810538e+03
1.734632147391592e+03
1.892325978972646e+03
2.050019810553700e+03
2.207713642134753e+03
2.365407473715807e+03
2.523101305296861e+03
2.680795136877915e+03
2.838488968458968e+03
2.996182800040021e+03
3.153876631621075e+03
3.311570463202129e+03
3.469264294783183e+03
3.626958126364237e+03
3.784651957945292e+03
3.942345789526345e+03
4.100039621107399e+03
4.257733452688452e+03
4.415427284269505e+03
4.573121115850559e+03
4.730814947431614e+03
4.888508779012667e+03
5.046202610593721e+03
5.203896442174775e+03
5.361590273755829e+03
5.519284105336883e+03
5.676977936917937e+03