2.584252037084097e-02
2.584252037084097e-02
2.584252037084097e-02
2.584252037084097e-02
2.584252037084097e-02
2.584252037084097e-02
1.292126018542048e-02
1.292126018542048e-02
2.584252037084097e-02
2.584252037084097e-02
2.584252037084097e-02
2.584252037084097e-02
2.584252037084097e-02
2.584252037084097e-02
2.584252037084097e-02
2.584252037084097e-02
1.292126018542048e-02
1.292126018542048e-02
2.584252037084097e-02
2.584252037084097e-02
2.584252037084097e-02
2.584252037084097e-02
2.584252037084097e-02
2.584252037084097e-02
2.584252037084097e-02
2.584252037084097e-02
1.292126018542048e-02
6.460630092710242e-03
1.292126018542048e-02
1.292126018542048e-02
1.292126018542048e-02
1.292126018542048e-02
1.292126018542048e-02
1.292126018542048e-02
1.292126018542048e-02
1.292126018542048e-02
6.460630092710242e-03
6.460630092710242e-03
6.460630092710242e-03
1.292126018542048e-02
2.584252037084097e-02
2.584252037084097e-02
2.584252037084097e-02
2.584252037084097e-02
2.584252037084097e-02
2.584252037084097e-02
2.584252037084097e-02
2.584252037084097e-02
1.292126018542048e-02
1.292126018542048e-02
1.292126018542048e-02
2.584252037084097e-02
2.584252037084097e-02
2.584252037084097e-02
2.584252037084097e-02
1.292126018542048e-02
2.584252037084097e-02
2.584252037084097e-02
2.584252037084097e-02
2.584252037084097e-02
1.292126018542048e-02
1.292126018542048e-02
1.292126018542048e-02
2.584252037084097e-02
2.584252037084097e-02
2.584252037084097e-02
2.584252037084097e-02
1.292126018542048e-02
2.584252037084097e-02
2.584252037084097e-02
2.584252037084097e-02
2.584252037084097e-02
1.292126018542048e-02
1.292126018542048e-02
1.292126018542048e-02
2.584252037084097e-02
2.584252037084097e-02
2.584252037084097e-02
2.584252037084097e-02
1.292126018542048e-02
2.584252037084097e-02
2.584252037084097e-02
2.584252037084097e-02
2.584252037084097e-02
1.292126018542048e-02
1.292126018542048e-02
1.292126018542048e-02
2.584252037084097e-02
2.584252037084097e-02
2.584252037084097e-02
2.584252037084097e-02
1.292126018542048e-02
2.584252037084097e-02
2.584252037084097e-02
2.584252037084097e-02
2.584252037084097e-02
1.292126018542048e-02
1.292126018542048e-02
2.584252037084097e-02
2.584252037084097e-02
6.460624884678310e-03
2.584249953871324e-02
2.584249953871324e-02
2.584249953871324e-02
2.584249953871324e-02
2.584249953871324e-02
2.584249953871324e-02
2.584249953871324e-02
2.584249953871324e-02
1.292124976935662e-02
1.292124976935662e-02
2.584249953871324e-02
2.584249953871324e-02
2.584249953871324e-02
6.460624884678310e-03
2.584249953871324e-02
2.584249953871324e-02
2.584249953871324e-02
2.584249953871324e-02
2.584249953871324e-02
1.292124976935662e-02
1.292124976935662e-02
2.584249953871324e-02
2.584249953871324e-02
2.584249953871324e-02
2.584249953871324e-02
2.584249953871324e-02
2.584249953871324e-02
6.460624884678310e-03
2.584249953871324e-02
2.584249953871324e-02
1.292124976935662e-02
6.460624884678310e-03
1.292124976935662e-02
1.292124976935662e-02
1.292124976935662e-02
1.292124976935662e-02
1.292124976935662e-02
1.292124976935662e-02
1.292124976935662e-02
1.292124976935662e-02
1.292124976935662e-02
2.584249953871324e-02
2.584249953871324e-02
2.584249953871324e-02
2.584249953871324e-02
1.292124976935662e-02
1.292124976935662e-02
2.584249953871324e-02
1.292124976935662e-02
2.584249953871324e-02
2.584249953871324e-02
2.584249953871324e-02
2.584249953871324e-02
1.292124976935662e-02
2.584249953871324e-02
2.584249953871324e-02
2.584249953871324e-02
2.584249953871324e-02
1.292124976935662e-02
1.292124976935662e-02
2.584249953871324e-02
1.292124976935662e-02
2.584249953871324e-02
2.584249953871324e-02
2.584249953871324e-02
2.584249953871324e-02
1.292124976935662e-02
2.584249953871324e-02
2.584249953871324e-02
2.584249953871324e-02
2.584249953871324e-02
1.292124976935662e-02
1.292124976935662e-02
2.584249953871324e-02
1.292124976935662e-02
2.584249953871324e-02
2.584249953871324e-02
2.584249953871324e-02
2.584249953871324e-02
1.292124976935662e-02
2.584249953871324e-02
2.584249953871324e-02
2.584249953871324e-02
2.584249953871324e-02
1.292124976935662e-02
1.292124976935662e-02
2.584249953871324e-02
1.292124976935662e-02
2.584249953871324e-02
2.584249953871324e-02
2.584249953871324e-02
2.584249953871324e-02
1.292124976935662e-02
2.584249953871324e-02
2.584249953871324e-02
2.584249953871324e-02
2.584249953871324e-02
1.292124976935662e-02
1.292124976935662e-02
2.409590360836931e-03
3.194926184498572e-03
4.243845039941552e-03
3.539288835559238e-03
3.241955621820385e-03
3.234078390764046e-03
2.410401597095777e-03
2.942663051503210e-03
2.947671628255788e-03
3.265884067921320e-03
4.557423903393217e-03
3.102495673581075e-03
3.976106272483327e-03
1.773048740519608e-03
3.625808307173172e-03
5.224173512455067e-03
8.683765241787168e-04
4.065451100608526e-04
1.079553858056270e-03
4.152159533347589e-03
7.119341797352794e-04
3.032814917305277e-05
7.195413878659770e-04
3.993880974940588e-03
7.083984133337580e-04
2.102798706103848e-05
7.114733541723796e-04
4.073130568272951e-03
7.070227781910617e-04
7.136768875309432e-04
3.370745454492282e-04
1.985766989195331e-05
2.131347485156976e-05
3.373254242166800e-04
7.189194520019642e-04
1.753610253615712e-03
4.070626521163345e-03
3.986446827563178e-04
4.006883697726104e-03
1.695646327606364e-03
7.134340764413407e-04
7.272124765588000e-04
3.512454138016815e-04
3.105614294453737e-05
3.052705438059814e-05
3.505378643120986e-04
7.155367608205688e-04
2.052346451115794e-03
1.685708848051316e-03
3.998947148585352e-03
3.010903691404265e-03
4.157080581788507e-03
2.025762665798398e-03
1.074182746108854e-03
4.003255135630596e-03
7.149824929598056e-04
3.862867702524742e-04
3.944793920856233e-04
1.727590488372495e-03
7.114369384528780e-04
8.674861961362302e-04
1.765351462160837e-03
3.995250932613417e-03
5.208746291442929e-03
4.564087188095672e-03
3.495283445620553e-04
3.609529790377898e-03
3.249967265024108e-03
2.943695239510664e-03
2.949325490448323e-03
3.235821756532893e-03
3.228391125344948e-05
3.261299796947601e-03
3.513883817468116e-03
4.232528456814643e-03
3.534616076959117e-04
3.200763243021897e-03
3.771247383706383e-03
3.338549085710716e-03
3.164136226176778e-03
3.005954298014818e-03
1.705042864682657e-03
2.993576315493525e-03
3.034466229254068e-03
3.024991373074601e-03
3.084314448898993e-03
3.015312241315966e-03
4.067060936733247e-03
1.743380844753001e-03
3.383180676087717e-04
1.900655296747163e-05
3.415145056688153e-04
1.727392707514784e-03
3.032809609667907e-03
4.074706116541196e-03
1.724262203898467e-03
2.986789267535717e-03
3.151220336115281e-03
3.341884219829989e-03
3.817054692515720e-03
2.807074507149487e-01
6.559900576496150e-03
6.448950985230107e-03
6.455252146866131e-03
6.441345994283194e-03
6.440133822294291e-03
6.440457213911182e-03
6.558535266101502e-03
7.474988219764426e-03
4.571453548451949e-03
1.099845133082074e-03
1.064339147733606e-04
3.084119570652256e-05
2.946916530937532e-05
2.982028228111963e-05
2.946208610864353e-05
3.086032200875631e-05
1.955870844510337e-04
5.544062465308848e-03
4.854111448913398e-03
1.710586987119494e-03
7.588653208034182e-04
7.086005582511584e-04
6.742157078015112e-04
6.885967932856906e-04
7.012939164068093e-04
7.142199617536171e-04
8.072158378432128e-04
5.604319642833558e-03
2.857939187382304e-03
2.130769231178655e-03
2.084091246396302e-03
2.080595157874639e-03
2.068634260975921e-03
2.068885518911108e-03
2.085054213992478e-03
2.063929181305603e-03
2.114029041824928e-03
3.439022985263811e-03
2.282217858303955e-03
6.836164116528563e-03
2.262947198993797e-03
2.287943861855364e-03
6.067634762081066e-03
2.257036016942792e-03
2.284085231852389e-03
5.508712187077444e-03
2.243665472348535e-03
2.293603098413356e-03
5.412453417351973e-03
2.199474206403890e-03
2.293974547367519e-03
5.851683854163580e-03
2.230375094112173e-03
2.320037546282130e-03
6.255948073187200e-03
2.295967079840667e-03
4.203317462360175e-03
7.612568088663973e-03
2.916208451126060e-03
5.346334343971160e-03
8.133646800146926e-03
5.322073751738623e-03
4.807786925374990e-03
7.986946308607124e-03
5.597256753715199e-03
2.055333621145814e-03
5.746121335416397e-03
1.713940557438101e-04
5.092028525569739e-03
2.351811133502776e-05
3.662288983998673e-03
2.320513848744212e-05
1.919038318219810e-05
3.295034323202612e-03
2.295664330848665e-05
1.979713092816995e-05
2.746661130140229e-03
2.244989462606306e-05
1.878585715885271e-05
2.769126872786681e-03
2.187509671822440e-05
1.882399113404018e-05
3.278545565317306e-03
2.312655755501129e-05
2.318639707491835e-05
3.594640374549284e-03
1.024584172607412e-04
2.025990750022533e-03
5.351056705229953e-03
1.100218601828692e-03
4.771724446149636e-03
7.517928430841833e-03
4.591887682529450e-03
4.810089278567711e-03
7.991109915427586e-03
6.113525287126349e-03
2.085446306106542e-03
7.379551500152636e-03
2.073766179792154e-03
1.103260974879810e-04
6.535291542274413e-03
1.971006272068209e-03
1.063204078613675e-04
6.375692636135103e-03
1.964800599634098e-03
1.050832723527143e-04
5.904580607135826e-03
4.926326638936483e-03
1.972720473595042e-03
8.906309182273508e-05
5.831754247413996e-03
1.984592508737048e-03
1.037965869987724e-04
6.493931973105951e-03
1.972044096566014e-03
9.930945536752583e-05
7.217244254223606e-03
2.018572206912742e-03
2.113280006411759e-03
9.400566182155654e-03
2.981761136316092e-03
4.752313726172150e-03
9.689308635657657e-03
5.395982595506336e-03
3.197105706845006e-03
5.856502162002871e-03
4.922352999177472e-03
4.016067267070222e-03
8.876453751539792e-03
7.045411471820376e-03
3.251909322895085e-03
8.462411015221841e-03
7.007903291366046e-03
3.180187755137451e-03
8.433082349631358e-03
7.073729211189001e-03
3.247374975654777e-03
8.412144593473560e-03
7.017044609236977e-03
3.180359407781016e-03
8.430326065306366e-03
7.120226842568717e-03
3.221256835563384e-03
8.785300642061842e-03
7.033778024076111e-03
5.416358769698110e-03
3.210936050408472e-03
9.011240683002913e-03
7.082457420831890e-03
3.988935371235654e-03
1.002935762563040e-02
7.601484254065807e-03
3.531899596460608e-03
7.198731892747651e-03
5.107115231204330e-03
3.540056111828186e-03
7.231674428505499e-03
3.457734205978712e-03
3.175330535950079e-03
5.824781851938955e-03
2.860820792559352e-03
4.813489937180964e-03
9.691141017529640e-03
5.656407685402971e-03
2.103411182930472e-03
9.385348092494925e-03
8.540256445868168e-04
9.486553552923762e-05
7.259247822873050e-03
6.759781474016250e-04
1.040265866955909e-04
6.597913942580694e-03
7.012330914708815e-04
1.048627257095435e-04
5.952734485315453e-03
6.938845926136360e-04
1.002316606801832e-04
5.913149681372199e-03
6.720985808376247e-04
1.056408359754671e-04
6.523011999551794e-03
7.028810837306245e-04
9.238655445395776e-05
6.530292650924506e-03
7.350976170501534e-04
2.085427508938355e-03
7.243192373007378e-03
1.710250335614836e-03
4.820079855679910e-03
7.949583362341681e-03
2.969976337533712e-03
4.842992362933383e-03
3.942254193213185e-03
4.800102255089263e-03
9.992718358691036e-03
7.612840751829531e-03
2.129721007892169e-03
5.556762249017418e-03
7.484372320741433e-03
2.000786690601952e-03
5.355843300388412e-03
1.852231639699635e-04
2.194983370016088e-05
3.549713642353004e-03
3.073223873961638e-05
1.966062192525363e-05
3.366228221375827e-03
2.989717472734052e-05
1.899648313990415e-05
2.764085542994990e-03
3.092446569120791e-05
3.204031632410344e-03
1.795469302400143e-05
9.105807757408437e-03
2.718300175869857e-03
2.066356919043864e-03
2.949023695365663e-05
7.079768072093074e-03
1.937904833463715e-05
3.285256894186571e-03
3.057277869010655e-05
2.180362624769492e-05
3.662178568744944e-03
1.023776504745932e-04
1.989471287078937e-03
5.569732752171492e-03
1.105368481278785e-03
4.792904725618588e-03
8.034204639425479e-03
1.995602355351938e-03
4.539200371023232e-03
3.220779725693329e-03
5.358646426955789e-03
8.786385543301505e-03
8.122784771537080e-03
2.054656406414842e-03
7.422159978350877e-03
7.048451147091851e-03
4.153261415171035e-03
7.536762783768522e-03
6.656455250925309e-03
2.283048777978264e-03
6.254701387916321e-03
6.502941662915975e-03
2.252331141947418e-03
5.846036644685513e-03
6.502162439738555e-03
2.301372293293183e-03
5.514223153264160e-03
6.465879036741861e-03
3.245759142899462e-03
2.276041492075330e-03
8.489648854950018e-03
5.604820698562198e-03
2.107059534977968e-03
6.497981325792505e-03
7.062039859121063e-03
2.310919875939953e-03
6.101310611828022e-03
6.571885416268904e-03
2.369136817838290e-03
6.878483650136860e-03
6.573247047505309e-03
4.087815577745567e-03
9.070303110169766e-03
7.582540191438797e-03
5.539412116190087e-03
9.745022502100766e-03
1.915298529516602e-03
7.147524392015512e-03
3.241567812329044e-03
1.594011063439614e-02
8.406448638618504e-03
1.807449330945902e-02
2.045746478328255e-03
1.665850206708184e-02
6.995940458759336e-03
3.085114348151466e-02
2.803493191520317e-02
3.186556923917968e-02
3.050015657587817e-02
2.664678929053937e-02
3.188465677810134e-02
3.046246130255290e-02
2.585247892006935e-02
3.183412075536761e-02
3.052243460378022e-02
2.578436478878507e-02
3.186499594475346e-02
3.252575202526496e-03
3.046150866885001e-02
8.463943771838641e-03
2.585922839805271e-02
2.096914919882047e-03
3.190025319104910e-02
7.049689632875081e-03
3.058604839629374e-02
2.636742221923571e-02
3.182486094524552e-02
3.059358473491456e-02
2.702583853402719e-02
3.192395728342599e-02
3.080911358928339e-02
2.892435632349881e-02
3.255448266413548e-02
1.642723232163974e-02
1.874489623861606e-02
1.966167779506794e-03
1.663935128653754e-02
3.239800336399336e-03
1.642058117944845e-02
8.511046699958965e-03
1.880422187348548e-02
2.094303497390819e-03
1.407524196806043e-02
7.035360926618532e-03
3.089713717287342e-02
2.903512365911677e-02
2.381138687962299e-02
3.054534440272819e-02
2.684951721486130e-02
2.371636045238985e-02
3.046579232214853e-02
2.649820212490516e-02
2.356092952959691e-02
3.041044135877907e-02
2.573355374486205e-02
2.365514423611206e-02
3.999416606890319e-03
3.050349505262298e-02
8.696197479952541e-03
2.565086670570487e-02
2.127447162433776e-03
2.363384829159238e-02
7.092688775218028e-03
3.036958582773270e-02
2.645162244325510e-02
2.368885837219509e-02
3.044721023525197e-02
2.651179134343453e-02
2.372550495525655e-02
3.087691046628857e-02
2.850927172885067e-02
2.380014989899835e-02
1.596679087627776e-02
1.800652079173643e-02
1.901760783058828e-03
1.295629337021658e-02
5.584369000387029e-03
9.699891178809443e-03
6.068695548705213e-03
4.007881152305986e-03
9.076106612807945e-03
2.392863309075453e-03
1.962131096087241e-03
1.907958165914261e-03
2.032623850127210e-03
6.079317518748160e-03
4.544629266105110e-03
1.102137078522348e-03
9.562433269345108e-05
2.207707097381630e-05
2.331268864234441e-05
2.220069505505980e-05
2.191506712061969e-05
2.268931232698230e-05
1.598974390205116e-04
5.539370461786348e-03
5.323155336043547e-03
2.901234961354416e-03
2.263841143056666e-03
2.267277841030868e-03
2.269290946740061e-03
2.236541922771550e-03
2.241166674818272e-03
2.264114998468495e-03
2.380760902196502e-03
6.181870225949289e-03
1.292332413710359e-02
2.369289508365844e-02
2.363999477019662e-02
2.370146686667630e-02
2.354660797012433e-02
2.368673266804983e-02
2.372204192389028e-02
2.365677366534991e-02
2.379430419559034e-02
1.415056958241189e-02
1.664748351052479e-02
3.246894104398128e-02
3.195318819871209e-02
3.195380776313255e-02
3.191765434094929e-02
3.184436158571251e-02
3.187735965552165e-02
3.194853473238751e-02
3.185212541586099e-02
1.664757435241811e-02
7.222673309557873e-03
7.493054524791102e-03
1.227483659391105e-02
1.227483659391105e-02
5.012978249982954e-02
4.909956215407067e-02
4.909956215407067e-02
4.909934637564421e-02
5.012983723119960e-02
5.012983723119960e-02
5.012978249982954e-02
5.012978249982954e-02
4.909956215407067e-02
4.909956215407067e-02
2.454967318782211e-02
4.909934637564421e-02
5.012983723119960e-02
5.012983723119960e-02
5.012978249982954e-02
5.012978249982954e-02
4.909956215407067e-02
4.909956215407067e-02
4.909934637564421e-02
2.506491861559980e-02
2.506491861559980e-02
4.909934637564421e-02
2.506489124991477e-02
2.506489124991477e-02
2.454978107703534e-02
2.454978107703534e-02
2.454967318782211e-02
2.506491861559980e-02
2.506491861559980e-02
2.506489124991477e-02
2.506489124991477e-02
2.454978107703534e-02
4.909934637564421e-02
2.454978107703534e-02
2.454967318782211e-02
2.506491861559980e-02
2.506491861559980e-02
2.506489124991477e-02
2.506489124991477e-02
2.454978107703534e-02
2.454978107703534e-02
2.454967318782211e-02
5.012983723119960e-02
4.909934637564421e-02
5.012983723119960e-02
5.012978249982954e-02
5.012978249982954e-02
4.909956215407067e-02
4.909956215407067e-02
4.909934637564421e-02
5.012983723119960e-02
5.012983723119960e-02
5.012978249982954e-02
5.012978249982954e-02
4.909934637564421e-02
4.909956215407067e-02
4.909956215407067e-02
4.909934637564421e-02
5.012983723119960e-02
5.012983723119960e-02
5.012978249982954e-02
5.012978249982954e-02
4.909956215407067e-02
4.909956215407067e-02
4.909934637564421e-02
4.909934637564421e-02
5.012983723119960e-02
5.012983723119960e-02
5.012978249982954e-02
5.012978249982954e-02
4.909956215407067e-02
4.909956215407067e-02
4.909934637564421e-02
5.012983723119960e-02
5.012983723119960e-02
5.012978249982954e-02
4.909934637564421e-02
5.012978249982954e-02
4.909956215407067e-02
4.909956215407067e-02
4.909934637564421e-02
5.012983723119960e-02
5.012983723119960e-02
5.012978249982954e-02
5.012978249982954e-02
4.909956215407067e-02
4.909956215407067e-02
4.909934637564421e-02
4.909934637564421e-02
5.012983723119960e-02
5.012983723119960e-02
5.012978249982954e-02
5.012978249982954e-02
4.909956215407067e-02
4.909956215407067e-02
4.909934637564421e-02
5.012983723119960e-02
5.012983723119960e-02
4.909934637564421e-02
5.012978249982954e-02
5.012978249982954e-02
4.909956215407067e-02
4.909956215407067e-02
4.909934637564421e-02
2.506491861559980e-02
2.506491861559980e-02
2.506489124991477e-02
2.506489124991477e-02
2.454978107703534e-02
2.454967318782211e-02
2.454967318782211e-02
2.454978107703534e-02
2.454967318782211e-02
2.506491861559980e-02
2.506491861559980e-02
2.506489124991477e-02
2.506489124991477e-02
2.454978107703534e-02
2.454978107703534e-02
2.454967318782211e-02
1.253245930779990e-02
2.454967318782211e-02
1.253245930779990e-02
1.253244562495738e-02
1.253244562495738e-02
1.227489053851767e-02
1.227489053851767e-02
1.227483659391105e-02
2.506491861559980e-02
2.506491861559980e-02
2.506489124991477e-02
2.506489124991477e-02
4.909934637564421e-02
2.454978107703534e-02
2.454978107703534e-02
2.454967318782211e-02
2.506491861559980e-02
2.506491861559980e-02
2.506489124991477e-02
2.506489124991477e-02
2.454978107703534e-02
2.454978107703534e-02
2.454967318782211e-02
4.909934637564421e-02
2.506491861559980e-02
2.506491861559980e-02
2.506489124991477e-02
2.506489124991477e-02
2.454978107703534e-02
2.454978107703534e-02
2.454967318782211e-02
2.506491861559980e-02
2.506491861559980e-02
2.506489124991477e-02
4.909934637564421e-02
2.506489124991477e-02
2.454978107703534e-02
2.454978107703534e-02
2.454967318782211e-02
2.506491861559980e-02
2.506491861559980e-02
2.506489124991477e-02
2.506489124991477e-02
2.454978107703534e-02
2.454978107703534e-02
4.909934637564421e-02
2.454967318782211e-02
2.506491861559980e-02
2.506491861559980e-02
2.506489124991477e-02
2.506489124991477e-02
2.454978107703534e-02
2.454978107703534e-02
2.454967318782211e-02
2.506491861559980e-02
2.506491861559980e-02
4.909934637564421e-02
2.506489124991477e-02
2.506489124991477e-02
2.454978107703534e-02
2.454978107703534e-02
2.454967318782211e-02
2.506491861559980e-02
2.506491861559980e-02
2.506489124991477e-02
2.506489124991477e-02
2.454978107703534e-02
4.909934637564421e-02
2.454978107703534e-02
2.454967318782211e-02
2.506491861559980e-02
2.506491861559980e-02
2.506489124991477e-02
2.506489124991477e-02
2.454978107703534e-02
2.454978107703534e-02
2.454967318782211e-02
1.253245930779990e-02
4.909934637564421e-02
1.253245930779990e-02
1.253244562495738e-02
1.253244562495738e-02
1.227489053851767e-02
1.227489053851767e-02
1.227483659391105e-02
2.506491861559980e-02
2.506491861559980e-02
2.506489124991477e-02
2.506489124991477e-02
4.909934637564421e-02
2.454978107703534e-02
2.454978107703534e-02
2.454967318782211e-02
2.506491861559980e-02
2.506491861559980e-02
2.506489124991477e-02
2.506489124991477e-02
2.454978107703534e-02
2.454978107703534e-02
2.454967318782211e-02
2.454967318782211e-02
2.454967318782211e-02
2.506491861559980e-02
2.506491861559980e-02
2.506489124991477e-02
2.506489124991477e-02
2.454978107703534e-02
2.454978107703534e-02
2.454967318782211e-02
2.506491861559980e-02
2.506491861559980e-02
2.506489124991477e-02
1.227483659391105e-02
2.506489124991477e-02
2.454978107703534e-02
2.454978107703534e-02
2.454967318782211e-02
2.506491861559980e-02
2.506491861559980e-02
2.506489124991477e-02
2.506489124991477e-02
2.454978107703534e-02
2.454978107703534e-02
2.454967318782211e-02
2.454967318782211e-02
2.454967318782211e-02
2.454967318782211e-02
2.454967318782211e-02
2.454967318782211e-02
2.454967318782211e-02
2.454967318782211e-02
2.454967318782211e-02
2.454967318782211e-02
1.227483659391105e-02
1.253245930779990e-02
1.253245930779990e-02
1.253244562495738e-02
1.253244562495738e-02
1.227489053851767e-02
1.227489053851767e-02
1.227483659391105e-02
1.253245930779990e-02
1.253245930779990e-02
2.454967318782211e-02
1.253244562495738e-02
1.253244562495738e-02
1.227489053851767e-02
1.227489053851767e-02
1.227483659391105e-02
2.506491861559980e-02
2.506491861559980e-02
2.506489124991477e-02
2.506489124991477e-02
2.454978107703534e-02
2.454967318782211e-02
2.454978107703534e-02
2.454967318782211e-02
5.012983723119960e-02
5.012983723119960e-02
5.012978249982954e-02
5.012978249982954e-02
4.909956215407067e-02
4.909956215407067e-02
4.909934637564421e-02
5.012983723119960e-02
2.454967318782211e-02
5.012983723119960e-02
5.012978249982954e-02
5.012978249982954e-02
4.909956215407067e-02
4.909956215407067e-02
4.909934637564421e-02
5.012983723119960e-02
5.012983723119960e-02
5.012978249982954e-02
5.012978249982954e-02
2.454967318782211e-02
4.909956215407067e-02
4.909956215407067e-02
4.909934637564421e-02
5.012983723119960e-02
5.012983723119960e-02
5.012978249982954e-02
5.012978249982954e-02
4.909956215407067e-02
4.909956215407067e-02
4.909934637564421e-02
2.454967318782211e-02
5.012983723119960e-02
5.012983723119960e-02
5.012978249982954e-02
5.012978249982954e-02
4.909956215407067e-02
4.909956215407067e-02
4.909934637564421e-02
5.012983723119960e-02
5.012983723119960e-02
5.012978249982954e-02
