6.581841562860959e-03
6.615558722501578e-03
6.630781143793403e-03
6.587315885167097e-03
6.571285581074619e-03
6.614999477566120e-03
3.312126434674076e-03
3.280806149761805e-03
6.599852024798783e-03
6.622101095864306e-03
6.560421823752946e-03
6.554745533544603e-03
6.566024231045052e-03
6.622213025432631e-03
6.574637771478924e-03
6.595714287703812e-03
3.275660008508993e-03
3.298810791944053e-03
6.567433968905049e-03
6.609467399781799e-03
6.602477492811102e-03
6.582492782318210e-03
6.558321661428414e-03
6.595748946027051e-03
6.571305536121145e-03
6.556036993266371e-03
3.305165373265940e-03
1.644325028449584e-03
3.311380407761125e-03
3.304470397920422e-03
3.290948921907267e-03
3.286176719536004e-03
3.296684491082695e-03
3.278018944306692e-03
3.296987595424788e-03
3.306072228284876e-03
1.657850832905949e-03
1.637064039782265e-03
1.655000783883458e-03
3.317813331946550e-03
6.598303729190739e-03
6.563710710325551e-03
6.570453330845446e-03
6.604683851685119e-03
6.580425143473886e-03
6.592342920085699e-03
6.594211313442326e-03
6.607640494567333e-03
3.313737959967895e-03
3.314093742890820e-03
3.279007343054737e-03
6.608493150314500e-03
6.550005877037223e-03
6.613554345519562e-03
6.577822428467509e-03
3.271419019716816e-03
6.624818468449434e-03
6.614465959867461e-03
6.589417983679540e-03
6.585960161913553e-03
3.292316795299560e-03
3.290279963387343e-03
3.293509359746929e-03
6.597753012435571e-03
6.607148042518963e-03
6.584078324361949e-03
6.570356513055906e-03
3.296636493487960e-03
6.577299845194231e-03
6.579853360882305e-03
6.592876675610910e-03
6.594662853728172e-03
3.273789109579710e-03
3.292403137529059e-03
3.283495351092593e-03
6.568929041729156e-03
6.567592906989455e-03
6.613690010177577e-03
6.554475429734794e-03
3.297919653063133e-03
6.631536508895891e-03
6.615571173420963e-03
6.585327921014994e-03
6.557535429237692e-03
3.296761839271663e-03
3.308494823255122e-03
3.275698590970305e-03
6.575207119845815e-03
6.597407139884885e-03
6.580242794863078e-03
6.586898180604424e-03
3.283519358983329e-03
6.608140475924479e-03
6.578944558483615e-03
6.600317252702072e-03
6.595411179164779e-03
3.321486571405637e-03
3.303422027710337e-03
6.641168313496574e-03
6.595156892219529e-03
1.644312979474557e-03
6.566479693895125e-03
6.561156352976316e-03
6.589076190903428e-03
6.550452224660149e-03
6.613010519264066e-03
6.597321661525362e-03
6.589153020420669e-03
6.622189292266536e-03
3.269671858531503e-03
3.298620668066353e-03
6.588801967623003e-03
6.627411246677834e-03
6.607527000065343e-03
1.636243588635369e-03
6.605558252648224e-03
6.621418376630253e-03
6.591050123114207e-03
6.579236367113822e-03
6.624248735712872e-03
3.278441347867328e-03
3.312121448797843e-03
6.592954490009868e-03
6.540718468364155e-03
6.621040910221374e-03
6.574967798660848e-03
6.595794279439813e-03
6.561857431021056e-03
1.649002129841718e-03
6.569665185200232e-03
6.600688649812378e-03
3.285524603944817e-03
1.643496434891053e-03
3.282208636097935e-03
3.285173167127223e-03
3.280886019436824e-03
3.292995091484406e-03
3.317141617786354e-03
3.277581143487977e-03
3.301199942205957e-03
3.308346518553156e-03
3.267547172267599e-03
6.600780111957855e-03
6.602244424191057e-03
6.615803008315787e-03
6.591321698650665e-03
3.289765841580510e-03
3.306547643383517e-03
6.605044522818015e-03
3.298312342469685e-03
6.589205756359669e-03
6.582127880320949e-03
6.576966037794276e-03
6.519669869653660e-03
3.285834326247847e-03
6.533019433794361e-03
6.567145399787234e-03
6.605729893643234e-03
6.568034708627826e-03
3.289390440240550e-03
3.295691126219005e-03
6.558845479301289e-03
3.280174123169453e-03
6.569165424357262e-03
6.625409354983269e-03
6.602758004505310e-03
6.617854988380262e-03
3.291250203378807e-03
6.578344924304562e-03
6.599712439150402e-03
6.566006674549234e-03
6.608518858315328e-03
3.282679102305864e-03
3.279375599543033e-03
6.558758800617174e-03
3.269500735421294e-03
6.636681605635487e-03
6.588379698539292e-03
6.625764209333414e-03
6.578764664907326e-03
3.304453928694143e-03
6.544052861648127e-03
6.573689255893579e-03
6.582514575624076e-03
6.607047805623027e-03
3.281803405712683e-03
3.291938232790084e-03
6.568103606979367e-03
3.303303140316451e-03
6.616251313111317e-03
6.621846274159065e-03
6.595927152433824e-03
6.561222243696361e-03
3.285254332869499e-03
6.589639857489117e-03
6.610295262810621e-03
6.599503378421088e-03
6.600012589896591e-03
3.277724572133617e-03
3.279321453257617e-03
8.378300705738792e-04
8.011164425962656e-04
1.084573008491966e-03
7.454573685518117e-04
4.901647299719349e-04
4.391148929015097e-04
8.193096280714581e-04
4.376376969832946e-04
4.415943540797444e-04
4.417408131777353e-04
7.018707769402184e-04
1.132986505379288e-03
9.716554925489120e-04
4.811606469095901e-04
4.840394454896568e-04
1.054037839778076e-03
1.934124848521953e-04
1.330109682541349e-04
1.897167710956209e-04
9.647427457683560e-04
1.447967937285187e-04
8.163449756588231e-05
1.456547546581099e-04
9.473676749362905e-04
1.343973024542074e-04
6.866244275978667e-05
1.346013903919804e-04
9.351411276555356e-04
1.474108075671690e-04
1.315948614406603e-04
8.118999803887016e-05
6.721587333262032e-05
6.864385615039685e-05
8.173172987966434e-05
1.341630891599991e-04
4.261034366681021e-04
9.558776047472251e-04
1.373978047136645e-04
9.650428528947965e-04
4.202031020894583e-04
1.443241839284724e-04
1.447218084873160e-04
9.347874928003717e-05
8.299930068954962e-05
8.396346154585214e-05
9.755924602738236e-05
1.506366226589311e-04
4.651887439681475e-04
4.284943374033599e-04
9.580943836374156e-04
1.021015929639281e-03
9.616738589954975e-04
4.569761249308816e-04
1.908837267986827e-04
9.654988021744811e-04
1.440749837499392e-04
1.383355712275141e-04
1.375855149469831e-04
4.396384169012054e-04
1.521273113648073e-04
2.057079891104872e-04
4.672227516463648e-04
9.681982224181068e-04
1.060198887034353e-03
7.412938281505249e-04
9.695130566316196e-05
5.055268602409521e-04
4.555988598380765e-04
4.527359451861556e-04
4.494484556696595e-04
4.751547061946134e-04
8.237280438556380e-05
4.993916282697558e-04
7.643528159583202e-04
1.082241447754282e-03
9.374712940749567e-05
7.883072503678611e-04
1.079296289795966e-03
1.019708507253039e-03
1.002042453046715e-03
9.956428227858513e-04
4.161800806308933e-04
9.882400726195218e-04
1.013194864605380e-03
1.013898939789268e-03
1.120701216623823e-03
1.005546049997021e-03
9.569946229570642e-04
4.346116906762218e-04
8.240776171475625e-05
7.039545987773898e-05
8.170804281432158e-05
4.140008100260520e-04
1.012451477829443e-03
9.590206061095471e-04
4.199903437693452e-04
1.014431706673008e-03
1.010013001641576e-03
1.031798100737838e-03
1.091311724459500e-03
5.628675918378639e-02
8.406559573935784e-04
8.157293994283819e-04
8.154438428384857e-04
7.991695112310452e-04
8.210521861763577e-04
8.412720321069416e-04
1.081233994373273e-03
1.233059376915806e-03
1.033879757340342e-03
5.482799077072295e-04
2.679813664582361e-04
2.293829322940833e-04
2.203079438252154e-04
2.186760570812646e-04
2.326373541272675e-04
2.717067735664575e-04
5.339428734868450e-04
1.038588338213350e-03
1.105344631410293e-03
7.692269700288674e-04
5.141360944404151e-04
4.713122958140600e-04
4.652687265670570e-04
4.621040011920891e-04
4.701190031977554e-04
5.082495377421818e-04
7.684058691822056e-04
1.136011661552762e-03
8.647853956185547e-04
1.186433246079899e-03
1.106421956147651e-03
1.083508616554234e-03
1.074700841690538e-03
1.078107961196839e-03
1.079793203365491e-03
1.106723720529495e-03
1.189063460878901e-03
8.608714350415809e-04
9.745385859092395e-04
1.127923635770390e-03
1.153335078514960e-03
9.613701741371501e-04
1.052160410018064e-03
1.107833194588254e-03
9.382026093992901e-04
1.012739255299622e-03
1.077764796196499e-03
9.371299381685029e-04
1.013075636822239e-03
1.088904026699528e-03
9.511164823608116e-04
1.027492352912759e-03
1.116709682001502e-03
9.496343275185784e-04
1.118296216009289e-03
1.133168231618997e-03
1.212227561753212e-03
1.491422423341503e-03
1.350634095709618e-03
1.298401992002459e-03
1.644220598286849e-03
1.335498391311543e-03
1.039086346881884e-03
1.368981629741417e-03
1.039813722578951e-03
5.182295067935718e-04
8.434534814478022e-04
5.128589046613931e-04
7.655064796792666e-04
2.672024882447876e-04
4.599329025523278e-04
2.537254184487311e-04
2.222787988926962e-04
3.832012841612425e-04
2.182763789841555e-04
2.206633453075806e-04
3.646533702440782e-04
2.087802424952203e-04
2.154904668639202e-04
3.590333450759160e-04
2.036650876373793e-04
2.240321242449040e-04
3.861951383297851e-04
2.200857472885154e-04
2.588500939755255e-04
4.505203415044955e-04
2.496991660902534e-04
5.230210882587433e-04
8.430181738732313e-04
5.103123516953147e-04
1.041170083021559e-03
1.358085723166610e-03
1.029740796593784e-03
1.106055501757490e-03
1.622269228528923e-03
1.066682372313669e-03
7.103046692872257e-04
1.382371501635154e-03
6.153132775158971e-04
4.600062248711649e-04
1.014005931396408e-03
3.757073907293725e-04
4.136052061075920e-04
9.436939421619841e-04
3.457187110102614e-04
4.116933022087636e-04
9.201808082937674e-04
7.769521388293815e-04
3.379071799356207e-04
4.055123089993286e-04
9.036160532082901e-04
3.346430411391433e-04
4.192812354062197e-04
9.420656009572257e-04
3.467025113120129e-04
4.571603515407886e-04
9.905778234926596e-04
3.832877127777379e-04
6.925002758781776e-04
1.354117064660442e-03
6.154124002993726e-04
1.079566704462540e-03
1.582007238042852e-03
1.060527394006230e-03
8.340117095179060e-04
1.472041789487729e-03
7.574455673975295e-04
1.075118970965368e-03
2.214743507096314e-03
9.315795396519763e-04
9.758442293834899e-04
2.066690386271800e-03
8.397222812976937e-04
9.650188145871805e-04
2.035125067965545e-03
8.305719833904705e-04
9.778580794035721e-04
2.035462094854987e-03
8.319936546347964e-04
9.686814058761790e-04
2.068829222865687e-03
8.274196697634551e-04
9.671815471862152e-04
2.061785813839730e-03
8.310367284708896e-04
1.071968471728096e-03
9.755679399958408e-04
2.071967169145994e-03
8.511402929570306e-04
1.069859744993469e-03
2.162568913250511e-03
9.286646934743863e-04
8.058177228565019e-04
1.403123609854985e-03
7.670146824497575e-04
7.921343930271093e-04
1.455626079426792e-03
8.830526016206181e-04
8.370206638073537e-04
1.484669110069970e-03
8.861719717019118e-04
1.071584769014272e-03
1.568433372513047e-03
1.097345073897442e-03
6.542820374340303e-04
1.310324032608524e-03
6.986716256475164e-04
4.251985764193515e-04
9.473733788388604e-04
4.741226101405762e-04
4.017013477918628e-04
9.071327248917752e-04
4.314936952455023e-04
4.028979828767121e-04
8.862572790361723e-04
4.313974252439562e-04
3.914697849182498e-04
8.736056588759255e-04
4.304675358492846e-04
4.151769788465868e-04
8.884817784363202e-04
4.442508180613017e-04
4.421200621272102e-04
9.521623077175157e-04
4.686126811778314e-04
6.983175944841314e-04
1.342041614117262e-03
7.074159043198041e-04
1.103108603043534e-03
1.572001238197589e-03
6.561920881674299e-04
1.102854340180987e-03
1.074920030355292e-03
1.023613330357057e-03
2.190524422886784e-03
1.325920843777983e-03
1.249029584817949e-03
1.015560888333760e-03
9.506827911110071e-04
5.306865239702868e-04
8.683183812931578e-04
4.981163183697136e-04
2.593717591027952e-04
4.551653547013073e-04
2.365779118089781e-04
2.272276480811030e-04
3.778307101245277e-04
2.040623929774707e-04
2.179831826316617e-04
3.616342191889437e-04
1.961177383165785e-04
9.996432107638037e-04
2.160628798925909e-04
2.099086732973327e-03
3.569511184581430e-04
1.154518173749597e-03
1.929052737646580e-04
8.635893431291824e-04
2.319747936661569e-04
3.796064389781978e-04
2.055906584312649e-04
2.701347900386458e-04
4.584522354785618e-04
2.397810362040455e-04
5.355475631554266e-04
8.727010292839551e-04
4.917529149069288e-04
1.047534777682243e-03
1.365218834771319e-03
4.086455514289645e-04
1.036688623653901e-03
9.802560249853071e-04
1.302782114563440e-03
2.107082630861873e-03
1.627430684587452e-03
1.150913523948437e-03
1.226599339169762e-03
8.400032960125382e-04
1.222685309562342e-03
1.467702669919842e-03
1.066649755801312e-03
9.901819930269232e-04
1.124621070050727e-03
8.311514371998344e-04
9.558388429104829e-04
1.045330063240562e-03
7.843369805868167e-04
9.292010497465898e-04
1.000764021700527e-03
7.948930114248837e-04
9.698772026005803e-04
9.404430966892635e-04
2.063574652991264e-03
1.039310293551078e-03
1.153646477517027e-03
7.784331121417171e-04
8.344580275983112e-04
9.652741568768178e-04
1.035826334226453e-03
8.021905089158465e-04
9.692492276283268e-04
1.098603151184592e-03
8.407054200569171e-04
1.201633919949114e-03
1.494736592275357e-03
1.061462909048045e-03
1.265279378776863e-03
1.590419126656497e-03
3.779707447361043e-04
1.221399741503400e-03
9.896869703970611e-04
2.941621262081417e-03
2.104494799600588e-03
3.319931620326517e-03
1.155782816647971e-03
2.831495187347792e-03
8.385643266464556e-04
5.431100124608207e-03
5.762615357173486e-03
5.300335860972167e-03
5.354192421035192e-03
5.467605355953817e-03
5.143690370298801e-03
5.342469878096319e-03
5.353862201119230e-03
5.134012935264484e-03
5.328392490610321e-03
5.304455599504665e-03
5.088452357581393e-03
9.779244648596777e-04
5.356304226958519e-03
2.058523033802290e-03
5.366858180934710e-03
1.143063892011247e-03
5.148216724982453e-03
8.453001318618389e-04
5.327571639049201e-03
5.446168775120680e-03
5.141436437021410e-03
5.337460462758782e-03
5.452780001959674e-03
5.134431748518577e-03
5.443635906494551e-03
5.729911347904237e-03
5.298992766745609e-03
2.907575093501956e-03
3.268124347488767e-03
3.614132173044059e-04
2.835658467036096e-03
1.012760866759979e-03
2.900374366541246e-03
2.091440433118427e-03
3.312098778681451e-03
1.168003393979562e-03
3.039889638411929e-03
8.614819578724296e-04
5.490685589175251e-03
5.774637082786449e-03
5.741072142193016e-03
5.378466186661730e-03
5.485197181731437e-03
5.602011069926514e-03
5.301488189233055e-03
5.376111920242971e-03
5.588701250099775e-03
5.325272499447614e-03
5.412536375814625e-03
5.583740455733585e-03
1.088035850901770e-03
5.319638344956025e-03
2.246680751152322e-03
5.421435386582551e-03
1.248704313576834e-03
5.571829608005948e-03
9.475625446651992e-04
5.383295078860246e-03
5.477438500383121e-03
5.562469541310810e-03
5.374151849997478e-03
5.479798724990876e-03
5.630299738317064e-03
5.499922029823875e-03
5.710972427815415e-03
5.719437351749712e-03
2.955438703393018e-03
3.308193935683810e-03
3.692101365606340e-04
3.029715230963502e-03
1.238672089557785e-03
1.562199543381282e-03
1.345657939759331e-03
1.169421163078074e-03
1.466709224745969e-03
1.336845383969925e-03
3.753684999617799e-04
4.023739804915348e-04
6.604748462773190e-04
1.076863217287781e-03
1.040819915914814e-03
5.541170513932917e-04
2.859381662266586e-04
2.415364971424926e-04
2.265982927426223e-04
2.312665939403508e-04
2.451031787655847e-04
2.808202914019689e-04
5.599810607104218e-04
1.056452270282946e-03
1.320981716568863e-03
1.350799541436649e-03
1.111645618765562e-03
1.061639912769449e-03
1.072768715889803e-03
1.067160966593689e-03
1.082109019286072e-03
1.114170332546557e-03
1.338711167636988e-03
1.308985356841290e-03
2.991003445942639e-03
5.656379728604799e-03
5.541284640444742e-03
5.528496001763868e-03
5.489990751539467e-03
5.528973949190647e-03
5.557258471769730e-03
5.500856272059520e-03
5.618524301767817e-03
2.999335434845364e-03
2.866228843384691e-03
5.317795034362345e-03
5.188967237870342e-03
5.206777391095893e-03
5.197223337940080e-03
5.155400745546108e-03
5.199810621151065e-03
5.217453067174002e-03
5.315185122404000e-03
2.869786534836326e-03
1.238975493675512e-03
1.102921217285238e-03
2.223370142679724e-03
2.240942942909876e-03
8.895941908661510e-03
8.887452200337154e-03
8.941385524668131e-03
8.914164316396411e-03
8.960056987729314e-03
8.937156686626759e-03
8.912471110229758e-03
8.902479254287905e-03
8.936374294373018e-03
8.904327926752232e-03
4.468857348000415e-03
8.940010821806666e-03
8.884858655948780e-03
8.919136443460009e-03
8.915933616435572e-03
8.920941242565501e-03
8.945794804073799e-03
8.897241943101498e-03
8.894024190450012e-03
4.461227354685754e-03
4.435111967550970e-03
8.933556343540911e-03
4.479719370936996e-03
4.446047812635612e-03
4.428524557599631e-03
4.467381259680663e-03
4.461823252856724e-03
4.455738368536646e-03
4.441355331647512e-03
4.426631998573591e-03
4.440322111666299e-03
4.445828519746864e-03
8.915256006013093e-03
4.433104754902667e-03
4.445544320691904e-03
4.429599372111046e-03
4.436885708738646e-03
4.432504804029579e-03
4.445643018294846e-03
4.456781231018275e-03
4.471719542090346e-03
4.464504663269526e-03
8.923557307117127e-03
8.932788394615965e-03
8.921965168490613e-03
8.849934693307655e-03
8.911307461293930e-03
8.921479704039849e-03
8.915968664811830e-03
8.917568506876387e-03
8.913262115608075e-03
8.875709897443849e-03
8.871330077184507e-03
8.912625946593099e-03
8.905495658960080e-03
8.934673449820886e-03
8.879244754683125e-03
8.922772575681892e-03
8.917221832535452e-03
8.886488715494077e-03
8.940729398420723e-03
8.895052784070918e-03
8.946995039126895e-03
8.900451936312049e-03
8.919307543574494e-03
8.921255856444793e-03
8.889517628400085e-03
8.911962967312431e-03
8.860643486259345e-03
8.895887583787596e-03
8.864445052596731e-03
8.921734420122123e-03
8.915977003780121e-03
8.943863228159521e-03
8.957212237954513e-03
8.880918600500791e-03
8.956820885010772e-03
8.877353673897737e-03
8.879843457491446e-03
8.880745389500797e-03
8.940152293629443e-03
8.866921172792841e-03
8.882100220948499e-03
8.920791112719635e-03
8.905118605599959e-03
8.923682601138582e-03
8.886651969605749e-03
8.938729090589775e-03
8.953351588813231e-03
8.894655512612360e-03
8.878734758008404e-03
8.863740759346888e-03
8.915212165814441e-03
8.913098323588711e-03
8.895344587367507e-03
8.920857095466314e-03
8.907148627978449e-03
8.941876315821566e-03
8.906340795191326e-03
8.960112540688830e-03
8.899599897121475e-03
8.926598075545494e-03
8.941023520832201e-03
8.937525092281269e-03
4.460219294403682e-03
4.464223285934770e-03
4.440293406351455e-03
4.444859948191720e-03
4.452307174305538e-03
4.444257495789901e-03
4.430697281329196e-03
4.460853442876648e-03
4.479107159580636e-03
4.444333737866818e-03
4.486349871102710e-03
4.465380054185642e-03
4.422314498269746e-03
4.444077024085240e-03
4.434217603387913e-03
4.472247105906255e-03
2.219694066800210e-03
4.470369628274908e-03
2.228189082766128e-03
2.224252174126252e-03
2.227740199044381e-03
2.241099929767335e-03
2.221578143845084e-03
2.225926797678259e-03
4.486469833022308e-03
4.449961394775304e-03
4.419244893262892e-03
4.462394353161530e-03
8.930028295791637e-03
4.450643012575152e-03
4.459526617822272e-03
4.472044979219856e-03
4.478356574748083e-03
4.459319369055844e-03
4.425737758963447e-03
4.495731254423239e-03
4.461102305278089e-03
4.453584765416863e-03
4.451099172466864e-03
8.935946475187072e-03
4.449681398364672e-03
4.461134650956718e-03
4.439496475988047e-03
4.450440867920609e-03
4.434833205171594e-03
4.436786341723917e-03
4.453033630541640e-03
4.465590509850733e-03
4.438684458634022e-03
4.433154763683745e-03
8.956151519387752e-03
4.452255116740546e-03
4.470867902352192e-03
4.437926959956328e-03
4.488344283327156e-03
4.445151234718323e-03
4.456235273963671e-03
4.460693176876337e-03
4.416832498384840e-03
4.465373113672446e-03
4.465152632022555e-03
8.897375604420580e-03
4.454084682595820e-03
4.478552140394533e-03
4.447541571293154e-03
4.445238546987236e-03
4.457915859890684e-03
4.450605323886999e-03
4.458514357551744e-03
4.443337020304544e-03
4.464115660786552e-03
4.474000591485355e-03
8.923727674515991e-03
4.454680331693750e-03
4.433929979346465e-03
4.473213880799854e-03
4.446669124507971e-03
4.462788717430959e-03
4.436368396033972e-03
4.437209176979087e-03
4.449521640762330e-03
4.424378372743848e-03
4.472569738081448e-03
8.875525569932536e-03
4.457043576611251e-03
4.478850102655568e-03
4.451545405439024e-03
4.431113512547648e-03
4.461502834698068e-03
4.430555286594037e-03
4.448824952409878e-03
4.428559677761043e-03
4.457616874822473e-03
2.231513548638729e-03
8.965122868467163e-03
2.221672047439669e-03
2.226886046017324e-03
2.224156441272800e-03
2.234944831147641e-03
2.225228087494106e-03
2.221262892774257e-03
4.430482059296522e-03
4.454929307620206e-03
4.456808884431538e-03
4.460352275709330e-03
8.927989264683321e-03
4.435519257824544e-03
4.465753342191880e-03
4.470530667626829e-03
4.468838480267144e-03
4.450986071100020e-03
4.454095738961958e-03
4.473716576221354e-03
4.447495950717952e-03
4.428483968476803e-03
4.461894806471750e-03
4.466176141139158e-03
4.440331621580595e-03
4.467319753450448e-03
4.461588667611515e-03
4.443864697088061e-03
4.459228530155829e-03
4.477982078067090e-03
4.449326462502100e-03
4.465075548415627e-03
4.445799117357594e-03
4.446255372019248e-03
4.436841778524395e-03
2.220871694680072e-03
4.460506345868974e-03
4.439440073672979e-03
4.450825600061743e-03
4.449276590799179e-03
4.442053247276768e-03
4.486220414985477e-03
4.464222474963722e-03
4.439808139134969e-03
4.429062243558326e-03
4.458405400640422e-03
4.466925790710060e-03
4.438291535641582e-03
4.466412323888035e-03
4.444979693881518e-03
4.432696065190349e-03
4.485292859569855e-03
4.459870283482477e-03
4.457382058876773e-03
4.469622824928220e-03
4.453099288156695e-03
2.231201824483178e-03
2.226003242880473e-03
2.224402924889586e-03
2.226363996924773e-03
2.234100233075472e-03
2.223949355077650e-03
2.219199666574233e-03
2.214993174960320e-03
2.222646976832963e-03
2.221922676741549e-03
4.461232395176849e-03
2.223164143704933e-03
2.222984121083690e-03
2.218236450072951e-03
2.222968111455029e-03
2.224677927795172e-03
4.464210045488071e-03
4.460055186127464e-03
4.464251943990332e-03
4.484922710130865e-03
4.440249162918758e-03
4.466064669037201e-03
4.460647275587110e-03
4.443468557272936e-03
8.918062708392592e-03
8.888581792161270e-03
8.894586857617716e-03
8.906120916108227e-03
8.864626144923764e-03
8.906130416623123e-03
8.920370302290858e-03
8.868907947549885e-03
4.467883934423491e-03
8.971433632826568e-03
8.910167695411766e-03
8.890748165091307e-03
8.928337049639263e-03
8.935405524709230e-03
8.898478569813692e-03
8.911709245554981e-03
8.907082194497994e-03
8.890411182488317e-03
8.894985919267533e-03
4.482965038479799e-03
8.880548695402340e-03
8.920411706494231e-03
8.868000423119159e-03
8.910970594893685e-03
8.919807671299889e-03
8.904921279993316e-03
8.912992392845367e-03
8.888266686671767e-03
8.930867430749681e-03
8.895391327978982e-03
4.472056788007555e-03
8.903514980431971e-03
8.874211137739882e-03
8.923481366170594e-03
8.921107768759550e-03
8.915101173234630e-03
8.927333627248152e-03
8.894560029056009e-03
8.912861216004951e-03
8.878889453949155e-03
8.910225230266479e-03
