4.592747179665150e-04
4.577416138465276e-04
4.533141906635811e-04
4.624149039201055e-04
4.683547886473784e-04
4.593915023924925e-04
2.315070745938575e-04
2.290845916248299e-04
4.589078893597508e-04
4.559505767232472e-04
4.526818279565372e-04
4.630470270692593e-04
4.549376276071638e-04
4.628030942263373e-04
4.631839951528439e-04
4.590966214203637e-04
2.263864246414504e-04
2.310277469120274e-04
4.542794036354659e-04
4.592139379292687e-04
4.612381479355425e-04
4.531996988314836e-04
4.547376961092442e-04
4.507424917406966e-04
4.614746738514828e-04
4.567214356106782e-04
2.311400380060532e-04
1.149016656401628e-04
2.298598754847026e-04
2.300746955345576e-04
2.273612004341764e-04
2.286199110093465e-04
2.265543275517371e-04
2.293134078086639e-04
2.260220024095756e-04
2.272009198167964e-04
1.136629980517232e-04
1.152586514749368e-04
1.151211035748560e-04
2.255279927333637e-04
4.649048502647168e-04
4.595079357872560e-04
4.632862698599336e-04
4.665671123146090e-04
4.562338123209274e-04
4.634286119883910e-04
4.658715765811725e-04
4.505924411311640e-04
2.281341559405485e-04
2.298178191865464e-04
2.273485977985949e-04
4.613196702129729e-04
4.644357844876492e-04
4.589913764067711e-04
4.575312603396004e-04
2.290694955609913e-04
4.583042544131061e-04
4.571402775969253e-04
4.644922565984213e-04
4.549445047135974e-04
2.275960684208123e-04
2.292969831568327e-04
2.340807744288613e-04
4.623568228047083e-04
4.648768059941914e-04
4.610602610277554e-04
4.625779482206681e-04
2.288221223014584e-04
4.597467957126447e-04
4.602236886872327e-04
4.577010136787185e-04
4.579496512881221e-04
2.285653329629703e-04
2.284238270539777e-04
2.305892945620611e-04
4.656003185272263e-04
4.588374533597482e-04
4.648740037628743e-04
4.587172674292044e-04
2.285821064157892e-04
4.596755316292656e-04
4.654912163165114e-04
4.599916194711167e-04
4.575181416594305e-04
2.309100519149854e-04
2.296769545275818e-04
2.267416530862734e-04
4.572041389127096e-04
4.544602629031426e-04
4.528162594162070e-04
4.486263485552724e-04
2.309422257026372e-04
4.653358066774048e-04
4.622435731707499e-04
4.559594635852476e-04
4.521151298685177e-04
2.316462621196016e-04
2.336248460857421e-04
4.615830738974655e-04
4.624293330000843e-04
1.112507322258194e-04
4.634257212831430e-04
4.594919276543309e-04
4.618668381348141e-04
4.603999232515120e-04
4.525912169304600e-04
4.543155687831227e-04
4.536693326630146e-04
4.601212548945530e-04
2.256464829815167e-04
2.314525274315872e-04
4.645650756465480e-04
4.569156728990785e-04
4.644554791176839e-04
1.149533273906843e-04
4.574042970489896e-04
4.572612460008152e-04
4.574860679893633e-04
4.513244477461983e-04
4.582546220181302e-04
2.249561534925268e-04
2.250971144370612e-04
4.536138180048300e-04
4.662711738234607e-04
4.512630856081541e-04
4.596009803996166e-04
4.559295215732298e-04
4.558229585089529e-04
1.155972155047001e-04
4.535852081541361e-04
4.622147436149815e-04
2.261837305798461e-04
1.148323553038520e-04
2.342045212199366e-04
2.261246530077435e-04
2.307311079368547e-04
2.293351939263648e-04
2.307216160638142e-04
2.331485506759273e-04
2.284588868920476e-04
2.277184613957369e-04
2.279414903450553e-04
4.628392280660573e-04
4.628078000100122e-04
4.599994537129963e-04
4.627124122597668e-04
2.275083413186918e-04
2.302359054972414e-04
4.622499261622742e-04
2.270130971639056e-04
4.561155555187334e-04
4.600286921660250e-04
4.622597529492696e-04
4.622498761356348e-04
2.285299075504470e-04
4.600406057727035e-04
4.627445397811805e-04
4.563519171023515e-04
4.623671621170363e-04
2.293267578887130e-04
2.308593082534087e-04
4.499630820451792e-04
2.293200464876668e-04
4.647588300134610e-04
4.565634785765111e-04
4.593517043783893e-04
4.611439250591758e-04
2.293674349145689e-04
4.549211647857230e-04
4.676798886527750e-04
4.620449202911819e-04
4.530934074631570e-04
2.293260132868342e-04
2.322536294408380e-04
4.647735404761137e-04
2.298986625923964e-04
4.514098334452167e-04
4.606573678089037e-04
4.582669804541448e-04
4.547193859675511e-04
2.318485701415750e-04
4.528677285941275e-04
4.556497094550076e-04
4.570895560300824e-04
4.633727671003119e-04
2.304862408599607e-04
2.288012623707917e-04
4.626399086147677e-04
2.291311498835469e-04
4.719416990040987e-04
4.657930186430007e-04
4.584361406582515e-04
4.588167702951012e-04
2.297639630035313e-04
4.522593580612011e-04
4.586896709869831e-04
4.571357739103511e-04
4.570019415193225e-04
2.294727135773976e-04
2.321842579720615e-04
4.989628162109993e-05
5.076114387347016e-05
5.417429290521121e-05
3.689850805626363e-05
2.555161877888332e-05
2.352875999444130e-05
3.345849843207565e-05
2.344823792827170e-05
2.370371373206502e-05
2.360636639465624e-05
4.065568207132164e-05
7.986844138449882e-05
5.032594277587944e-05
2.351903863515368e-05
2.649676039994335e-05
5.526988841908835e-05
9.213008519253865e-06
6.091751151821142e-06
1.004246542437941e-05
4.789509447261281e-05
7.188458880186199e-06
3.858401443663751e-06
8.079851134829518e-06
4.878340538548622e-05
7.518714543148599e-06
3.405367779274427e-06
7.894116867888218e-06
5.019137503341994e-05
6.861345394024256e-06
7.410854011071957e-06
4.648865158433696e-06
3.866031291718396e-06
3.876877210910849e-06
4.796962806469293e-06
8.163868649333588e-06
2.309572721685084e-05
4.834983777344847e-05
6.128338432587590e-06
5.042413330010995e-05
2.305139428290884e-05
6.954528183099440e-06
8.641651926606311e-06
5.556845070087560e-06
4.617800255070199e-06
4.617304722929382e-06
5.512619184024138e-06
8.782559085744055e-06
2.531411287553186e-05
2.389974644794434e-05
4.951683493450906e-05
7.779754059239306e-05
5.102980315384241e-05
2.491381978212777e-05
1.138286998724510e-05
5.125573028887296e-05
8.748784096336970e-06
7.351744817121904e-06
8.192675441784667e-06
2.187100910251038e-05
8.658970058528324e-06
1.134447235586533e-05
2.628760152360180e-05
5.103055708547759e-05
5.568990397651302e-05
3.634132069371336e-05
4.790861320636746e-06
2.358130112062496e-05
2.202367735823244e-05
2.248220896680049e-05
2.101200324478565e-05
2.220721651410546e-05
4.032771269092945e-06
2.465860486660118e-05
3.830064890506480e-05
5.391640877544558e-05
4.919002974086919e-06
3.573184226583284e-05
3.795708470684899e-05
3.280745298644829e-05
3.186053550048279e-05
3.161277785316221e-05
2.319054008932408e-05
3.176871265031358e-05
3.190778603771514e-05
3.319475064965488e-05
3.823138787049657e-05
7.612807804519234e-05
5.083645343002301e-05
2.181832084066192e-05
4.277554610362178e-06
3.495633610053804e-06
4.275089225329062e-06
2.272583675372831e-05
7.500727017231433e-05
5.021393509431952e-05
2.285524948143423e-05
7.689029422817216e-05
7.779074517238781e-05
7.729167337134529e-05
7.998356298008116e-05
4.241803965140645e-03
7.272048774082353e-05
7.281318743344438e-05
6.946621512953628e-05
7.038868575606577e-05
6.979886205318754e-05
7.388161050815815e-05
8.698268718011257e-05
8.558826772527861e-05
7.293615589675314e-05
4.030710669662380e-05
1.839915527513708e-05
1.527088399008548e-05
1.480382200700364e-05
1.498924163555125e-05
1.488932405257749e-05
1.784680567075301e-05
3.723029617975817e-05
7.404201656925905e-05
7.868086875976450e-05
5.343232132253911e-05
3.235501493545230e-05
2.965613611947871e-05
3.102970564593904e-05
2.932112498871457e-05
3.038038370952374e-05
3.502382067660945e-05
5.263013083923156e-05
8.080219457336709e-05
5.024412205771471e-05
6.069101032095152e-05
5.659116957049844e-05
5.479360365591941e-05
5.601604567281447e-05
5.691263751672303e-05
5.684966451529600e-05
5.927322310502531e-05
6.701228394273800e-05
5.761376798982944e-05
4.670173668911447e-05
1.135875172157581e-04
6.937883700627078e-05
4.563510475431658e-05
1.073959868810112e-04
6.742025923524905e-05
4.608391902356624e-05
1.021158420513547e-04
6.630789906393093e-05
4.674454093990133e-05
1.016312648461018e-04
6.501458154954929e-05
4.517132867843942e-05
1.070775251969318e-04
6.545603108802476e-05
4.516327063167727e-05
1.104596564495304e-04
7.031743487532317e-05
6.118694611805046e-05
1.398176339056889e-04
8.773777240363289e-05
8.584979451833785e-05
1.305514151881119e-04
9.806990294225640e-05
7.112251232000586e-05
1.072807578275351e-04
7.268416562642220e-05
3.277161935898402e-05
7.791462552348286e-05
3.834705543665547e-05
6.515905887199428e-05
1.805139286659803e-05
3.889386700466730e-05
1.688615817851122e-05
1.551202488068169e-05
3.248750176685398e-05
1.478351020198750e-05
1.457936858102413e-05
3.151201232796784e-05
1.437476546436167e-05
1.473357532928206e-05
2.946300048622131e-05
1.324106885038125e-05
1.552888293537486e-05
3.247159499377513e-05
1.393365522700082e-05
1.838146026000403e-05
3.858867983673547e-05
1.551246283979273e-05
3.469644393522552e-05
7.230277814027774e-05
3.561677913580239e-05
7.435994095228355e-05
1.052317468027589e-04
7.720681403036981e-05
7.994520393545668e-05
1.237160652656969e-04
7.830035231935028e-05
5.505050517263867e-05
1.111223556351476e-04
4.984757831776960e-05
4.062449055632432e-05
7.920959030337348e-05
3.080747037348900e-05
3.850615452664670e-05
7.459055874873343e-05
3.002141436517432e-05
3.632989925743794e-05
7.633759712845478e-05
5.550533273230038e-05
2.694183855035826e-05
3.733244495517873e-05
7.470320693767558e-05
2.880116802754385e-05
3.846411110568249e-05
7.265795861184806e-05
2.873558089836008e-05
4.151985559567208e-05
7.910576095306325e-05
2.859576865369907e-05
5.723475303573959e-05
1.102052627104013e-04
4.507513526328125e-05
8.129710959024482e-05
1.264656616132160e-04
7.987600849943032e-05
6.303413286127476e-05
9.977677019751712e-05
5.925322257235687e-05
8.962864200022637e-05
1.487133155777496e-04
7.206658933097120e-05
8.351024739853283e-05
1.323634794611799e-04
6.263136556881318e-05
8.509812481242334e-05
1.308667356175880e-04
6.409763528773800e-05
8.119974530202227e-05
1.325447621182044e-04
6.088475445564407e-05
8.434845684225370e-05
1.295991129566438e-04
6.205187356535852e-05
8.331992759347723e-05
1.313505090571026e-04
6.141003344660469e-05
7.926921265956615e-05
8.591918709241120e-05
1.353571594915118e-04
6.127129843304752e-05
8.988012471947666e-05
1.473929404072443e-04
6.789365993665899e-05
6.535447394970375e-05
1.048881432072857e-04
5.277764036331039e-05
5.148353972802458e-05
1.173179842216045e-04
5.627801576095845e-05
5.072265251457924e-05
1.157267185373043e-04
6.335463613366753e-05
7.653316780760206e-05
1.131738977828081e-04
7.373728772117390e-05
3.663661411648683e-05
1.009578008860720e-04
4.270819719333641e-05
2.071305366051539e-05
7.394979693375985e-05
2.533520726124854e-05
1.915538906973469e-05
6.537655948279690e-05
2.343542419468197e-05
1.819205204714485e-05
6.589880342681585e-05
2.326503266623706e-05
1.813449236991320e-05
6.755064339563072e-05
2.419458869464227e-05
1.884412176816388e-05
6.542888103333885e-05
2.375089763001819e-05
2.214814648096288e-05
6.979815030403509e-05
2.611506524811398e-05
3.619016469503438e-05
9.540147337709214e-05
4.792061722154457e-05
7.412210380715710e-05
1.165414129730078e-04
4.977801377933564e-05
8.111482464852854e-05
5.587797035622240e-05
7.141805942511904e-05
1.892487058134617e-04
9.803288130384921e-05
7.682676552452588e-05
7.439393361357206e-05
8.890211372260478e-05
3.482812287959487e-05
6.618256457421921e-05
3.430135032150026e-05
1.935630895971001e-05
3.244849872563121e-05
1.643521002953181e-05
1.700757187488786e-05
2.559111864525029e-05
1.445114317000999e-05
1.713773465853784e-05
2.329619064796392e-05
1.393598951743617e-05
5.104373009088023e-05
1.730616469123336e-05
1.848931269059923e-04
2.290850751371226e-05
7.269034841326502e-05
1.365209945165936e-05
8.043259288785119e-05
1.874127450720017e-05
2.454630372545821e-05
1.377705374388567e-05
2.088521954770515e-05
3.039162701011228e-05
1.525999580521405e-05
3.514621683572351e-05
6.389986606653952e-05
3.669800936992577e-05
7.289984145953155e-05
1.043201175506595e-04
2.773416647712751e-05
7.511414341146054e-05
4.936082953370276e-05
9.768396855762539e-05
1.807937859420179e-04
1.088780768044532e-04
7.317485875368473e-05
9.092227924853842e-05
7.994947451296231e-05
9.766713949690583e-05
8.700229378818508e-05
8.216734618228241e-05
8.380159377570559e-05
5.607549427914828e-05
6.148612990888247e-05
8.341340703441030e-05
4.770485862796292e-05
6.036301084051314e-05
8.125086511041421e-05
4.509898096384386e-05
6.223170512325593e-05
5.093180231231442e-05
8.322808968615093e-05
1.787303062368591e-04
4.875020114351160e-05
7.549371082398450e-05
5.857975933139206e-05
7.863643190281344e-05
8.085070159028093e-05
4.899680259963719e-05
5.635055579757043e-05
8.504887299047841e-05
5.611350890161746e-05
6.488870153387229e-05
9.411308327546261e-05
8.423105539783458e-05
7.767277675678423e-05
9.532533983198166e-05
1.111848477014971e-04
2.486763736866895e-05
8.399422803580802e-05
4.957935000312889e-05
2.200128662333075e-04
1.778791491477199e-04
2.191753682888263e-04
7.412314261946430e-05
2.095935976009048e-04
8.099026696105172e-05
4.108976412992709e-04
3.690001672650685e-04
3.937911385866758e-04
4.078179622167590e-04
3.476540621900274e-04
3.762073957235776e-04
4.054195041013365e-04
3.356318486911273e-04
3.674878527750938e-04
4.050286677749376e-04
3.323760670934183e-04
3.737488978115633e-04
5.105456827826777e-05
4.102034268772252e-04
1.759092091388889e-04
3.335683016884785e-04
7.317633726813774e-05
3.742098386754711e-04
8.082803889744319e-05
4.132325269096580e-04
3.441929177368573e-04
3.721180060549101e-04
4.053645768539838e-04
3.389156711138876e-04
3.736553246004537e-04
4.074439297702521e-04
3.858805504451552e-04
3.788435507184099e-04
2.204789273095870e-04
2.230283705282401e-04
2.375430325412888e-05
2.083609460822515e-04
4.978333795692969e-05
1.992946071482988e-04
1.777316377664686e-04
2.679679622528136e-04
7.347263049793628e-05
2.075328277893041e-04
8.317082873670555e-05
3.719451152287832e-04
4.548187202627497e-04
4.078367351515483e-04
3.639332967186966e-04
4.493131250006679e-04
3.968728405478318e-04
3.647169568689923e-04
4.271785204654326e-04
3.864718162446226e-04
3.670996831380713e-04
4.282462976696551e-04
3.857667511522424e-04
5.537632128566835e-05
3.585698242421033e-04
1.855028763093106e-04
4.436465698385138e-04
8.098620496665518e-05
3.860877131605742e-04
8.321547640972032e-05
3.619266051844433e-04
4.435209109472645e-04
3.860943084890805e-04
3.620708995997853e-04
4.370715532791736e-04
3.979802606888456e-04
3.644102493533380e-04
4.725066200630029e-04
3.947356088801249e-04
1.996835507066207e-04
2.620969228121362e-04
2.276266787919478e-05
2.138062315313050e-04
8.357913667555395e-05
1.319927375386355e-04
8.762060747378755e-05
6.173154800155425e-05
1.427055740416073e-04
8.392668772944994e-05
2.497581859941043e-05
2.621874732304213e-05
4.193159743247592e-05
7.655053945508564e-05
7.324563770361593e-05
3.987562759052560e-05
1.826248189084631e-05
1.567716935031589e-05
1.461442633161950e-05
1.549147143698616e-05
1.568505020005507e-05
1.917797408152999e-05
3.765585432300301e-05
7.490732880845474e-05
8.419106401689254e-05
7.885352270163732e-05
6.095874018248910e-05
5.818930989164215e-05
5.812140077242600e-05
5.764864833828971e-05
5.778845084461419e-05
6.080357856281523e-05
8.085962788638409e-05
9.214679133932269e-05
2.002753338989768e-04
3.734676273358962e-04
3.641910391322588e-04
3.645907355845942e-04
3.603228888335523e-04
3.606640223672338e-04
3.677368871269082e-04
3.692197366793572e-04
3.764196528546528e-04
2.096871883876879e-04
2.199895893043237e-04
4.021250179175798e-04
4.070557360334010e-04
3.988275470341645e-04
4.053601953009667e-04
3.954721701431869e-04
3.916771157240902e-04
3.991177883434964e-04
4.208040464077952e-04
2.115420823809490e-04
9.585502470053861e-05
9.301620216606673e-05
1.724105754118243e-04
1.699369965933657e-04
6.795015852172171e-04
6.910403616034987e-04
6.841218829014564e-04
6.900075784526077e-04
6.818258883959883e-04
6.893905628307806e-04
6.718603729095686e-04
6.792723909416790e-04
6.782952863706252e-04
6.873260414705353e-04
3.411524065351718e-04
6.897011960945696e-04
6.803593571566234e-04
6.877418872663485e-04
6.774644213282181e-04
6.820756439188277e-04
6.757612323852633e-04
6.994429737588196e-04
6.862892081609146e-04
3.476070309484135e-04
3.435833254421618e-04
6.871336260236531e-04
3.450580107570142e-04
3.370227153232411e-04
3.424559144936939e-04
3.389832780123388e-04
3.479681574975823e-04
3.449091926374653e-04
3.393666731106848e-04
3.386099866003400e-04
3.432148491024532e-04
3.401557776726452e-04
6.904076073608171e-04
3.456197822642121e-04
3.409910319685126e-04
3.461583528606955e-04
3.393076349822875e-04
3.445923232974844e-04
3.432547186737964e-04
3.476848486617343e-04
3.362298026214448e-04
3.410793600184703e-04
6.847585549237394e-04
6.886632454007310e-04
6.987528329714132e-04
6.877467366964842e-04
6.848277701206620e-04
6.859510662928517e-04
6.893295100627005e-04
6.899581589051886e-04
6.890269985871380e-04
6.876704488923837e-04
6.804498373815545e-04
6.894220517181704e-04
7.021047433195080e-04
6.821112174529018e-04
6.839348429298131e-04
6.825318685450111e-04
6.797662859000689e-04
6.817845470534488e-04
6.874508441485367e-04
6.864711830038788e-04
6.702601476879851e-04
6.804928098593956e-04
6.729643813044053e-04
6.823030184161731e-04
6.911169619668811e-04
6.854036735955869e-04
6.813658152661452e-04
6.880879954090588e-04
6.751061573071722e-04
6.899419213407761e-04
6.910783215867329e-04
6.950910426685172e-04
6.916604068238826e-04
6.835359264210628e-04
6.740708494614631e-04
6.762953838695186e-04
6.819847138674000e-04
6.842394459519697e-04
6.760858693389196e-04
6.874541122465532e-04
6.999346679692734e-04
6.679599873715977e-04
6.804132328968234e-04
6.871091709404967e-04
6.833494703141935e-04
6.734275908017365e-04
6.900933741857848e-04
6.818259430646646e-04
6.793108866204942e-04
6.998840838643418e-04
6.827060830657809e-04
6.953870709942398e-04
6.862392284991216e-04
6.839453395717050e-04
6.837039332348233e-04
6.839804888523510e-04
6.816309834753770e-04
6.745755871842476e-04
6.860246211939039e-04
6.854303050583549e-04
6.943542232598952e-04
6.820461930756406e-04
3.413107643031309e-04
3.411466521357536e-04
3.402277254465345e-04
3.501885729041522e-04
3.423188998587507e-04
3.418350462190410e-04
3.439798109423372e-04
3.421203859111224e-04
3.450282981221798e-04
3.444004575149629e-04
3.371186244177543e-04
3.428259888228936e-04
3.416170989968015e-04
3.381176243833521e-04
3.406385446974763e-04
3.394209501999846e-04
1.723757471633557e-04
3.439000622835093e-04
1.718878710889199e-04
1.727761681089006e-04
1.716871003792002e-04
1.721126244793103e-04
1.675707571734660e-04
1.713756437808004e-04
3.376090547906190e-04
3.442994007292812e-04
3.406510426937870e-04
3.424704842720889e-04
6.882282282017353e-04
3.480857066914436e-04
3.411669621635922e-04
3.459048028851210e-04
3.402086812161547e-04
3.437943367901258e-04
3.433572223444697e-04
3.427623114430636e-04
3.400841149800967e-04
3.450024684584903e-04
3.419694059965597e-04
6.846448362555665e-04
3.375782266483651e-04
3.457882943555731e-04
3.410252185492454e-04
3.445811531620609e-04
3.436750936089772e-04
3.407196743753991e-04
3.467846526461405e-04
3.427912457129129e-04
3.408804034763307e-04
3.437863662304842e-04
6.853733533948081e-04
3.409653378120894e-04
3.422561471543111e-04
3.428447628389108e-04
3.430034664208932e-04
3.488356591313909e-04
3.479845070868506e-04
3.421367144714331e-04
3.380708700240088e-04
3.431101504142122e-04
3.434892407378627e-04
6.886943690727905e-04
3.398517995712107e-04
3.452385212280875e-04
3.462465643399424e-04
3.457181353529843e-04
3.429193126235082e-04
3.428697239585045e-04
3.441141297867102e-04
3.411742849498667e-04
3.402751634799999e-04
3.388752675880678e-04
6.841490380733154e-04
3.440857273716982e-04
3.426550396841384e-04
3.464029838415929e-04
3.451707140163810e-04
3.382011021640595e-04
3.381416215672810e-04
3.398839548677118e-04
3.466300437736076e-04
3.438766514078242e-04
3.435343515827643e-04
6.898994541904179e-04
3.501088101124423e-04
3.417128254881432e-04
3.408660318813387e-04
3.400780647522391e-04
3.444519524164849e-04
3.396713040348267e-04
3.398978146280835e-04
3.418228770952653e-04
3.453291698318734e-04
1.686051295864896e-04
6.923810022987158e-04
1.681524349338315e-04
1.704809591999723e-04
1.665379144518696e-04
1.736098772394804e-04
1.704148328138884e-04
1.738512074310618e-04
3.420661691684117e-04
3.407552834569787e-04
3.409536987147200e-04
3.363188374774239e-04
6.741669017032749e-04
3.479394646468392e-04
3.437397958107244e-04
3.473759492149815e-04
3.393000341760752e-04
3.454565619876744e-04
3.453267909022150e-04
3.448187660247569e-04
3.423364685523532e-04
3.409321335107417e-04
3.470495517373909e-04
3.431112126082722e-04
3.433828264725806e-04
3.444514331833494e-04
3.456017835911766e-04
3.464553131565493e-04
3.436449574707993e-04
3.394636814611334e-04
3.409540397356252e-04
3.373596887122153e-04
3.403761198297109e-04
3.398257617170151e-04
3.422684431611630e-04
1.724608013320285e-04
3.414742498980398e-04
3.459730973364897e-04
3.389417320127992e-04
3.384126943990977e-04
3.412346360035878e-04
3.377697111872049e-04
3.406652593507791e-04
3.382895734049811e-04
3.480015640111774e-04
3.365959147556850e-04
3.436669390569397e-04
3.409730954698589e-04
3.465498629213535e-04
3.453077301176136e-04
3.450945735976371e-04
3.473933015632757e-04
3.391749240644214e-04
3.439356695870038e-04
3.433752482073056e-04
3.450386051677474e-04
1.717060498774746e-04
1.709161793358856e-04
1.708262113434732e-04
1.691710590567744e-04
1.709318740035105e-04
1.713567053842176e-04
1.710274199882138e-04
1.724917654283979e-04
1.715744763021753e-04
1.727101768275581e-04
3.386540043238881e-04
1.709758158277472e-04
1.696123047003449e-04
1.688356553497491e-04
1.730211302018819e-04
1.690997997811792e-04
3.440439503486132e-04
3.404177005664196e-04
3.394950198312019e-04
3.392758938417619e-04
3.422132199915704e-04
3.391836009352859e-04
3.482791726852219e-04
3.448366477693345e-04
6.889429887832302e-04
6.806177980132000e-04
6.893470952332819e-04
6.859860768878664e-04
6.891811618363714e-04
6.892552265138791e-04
6.906688686245632e-04
6.926157169969252e-04
3.385594267925545e-04
6.881926724178786e-04
6.823554756574891e-04
6.803551267403382e-04
6.828425313106782e-04
6.842448574504103e-04
6.826737922757778e-04
6.937140087254557e-04
6.819659778138698e-04
6.771764567414003e-04
6.767903975466226e-04
3.435332699038581e-04
6.845639940644274e-04
6.850680554903230e-04
6.937409027683541e-04
6.793768787540880e-04
6.840352356685065e-04
6.882438287268872e-04
6.799826093373961e-04
6.963503763456311e-04
6.816651216546418e-04
6.821370613683332e-04
3.464749646396576e-04
6.937631622481496e-04
6.866472434994207e-04
6.695676130852365e-04
6.740516479098729e-04
6.870387804247117e-04
6.828735757080280e-04
6.772470533382600e-04
6.876485030252816e-04
6.815143969154770e-04
6.946805893835115e-04
