1.894729371192910e-02
1.872199181310967e-02
1.867825715575932e-02
1.876232433088428e-02
1.873915722695197e-02
1.872176940891192e-02
9.463956962928510e-03
9.450428985856666e-03
1.867378328581038e-02
1.871089255434224e-02
1.885613538847008e-02
1.890080478810082e-02
1.874282206134098e-02
1.876788443582803e-02
1.885541499226432e-02
1.864344928718679e-02
9.298432638752933e-03
9.345975565083590e-03
1.870628008467585e-02
1.877912874081139e-02
1.890431490652618e-02
1.875374565302469e-02
1.878671143465497e-02
1.860705880323608e-02
1.896946966671926e-02
1.889192312481240e-02
9.416451909776457e-03
4.732316519728591e-03
9.380138783807564e-03
9.327824642785316e-03
9.320186347892294e-03
9.347441337676734e-03
9.447491799984201e-03
9.412563865377383e-03
9.343712844115172e-03
9.429043532943287e-03
4.698239925828013e-03
4.661726555499914e-03
4.691839761550366e-03
9.471509035904289e-03
1.864873541594492e-02
1.872791453359323e-02
1.881833150972641e-02
1.883257827137940e-02
1.890284349324686e-02
1.866956888742547e-02
1.898725072116693e-02
1.879639085213097e-02
9.352345511399584e-03
9.360540622599294e-03
9.487725202844599e-03
1.879041817128414e-02
1.897290565041203e-02
1.872078792951749e-02
1.892700658119519e-02
9.512882663184312e-03
1.891883403274018e-02
1.866064371027228e-02
1.890356872432648e-02
1.886642400005296e-02
9.439796292417120e-03
9.514885912588684e-03
9.329750534207863e-03
1.884423354064120e-02
1.870558225121479e-02
1.881764334601309e-02
1.867041176710246e-02
9.413714565357046e-03
1.866158489905117e-02
1.884669449143805e-02
1.886558434362522e-02
1.893409289465538e-02
9.421402820613331e-03
9.455483040669305e-03
9.473605759536702e-03
1.898583087987549e-02
1.879953190851804e-02
1.875729606206558e-02
1.896403688012059e-02
9.334055989383873e-03
1.871655419163714e-02
1.879531428688389e-02
1.894808179636895e-02
1.891830219661512e-02
9.404477538839617e-03
9.413517947153238e-03
9.493782493984047e-03
1.887111705095041e-02
1.873637072798160e-02
1.861853840541416e-02
1.880524672942544e-02
9.378195164514181e-03
1.875657888910906e-02
1.894148541679365e-02
1.887489953393678e-02
1.880403317608555e-02
9.442675459803212e-03
9.379893011052803e-03
1.885864629963018e-02
1.872767278990002e-02
0.000000000000000e+00
0.000000000000000e+00
0.000000000000000e+00
0.000000000000000e+00
0.000000000000000e+00
0.000000000000000e+00
0.000000000000000e+00
0.000000000000000e+00
0.000000000000000e+00
0.000000000000000e+00
0.000000000000000e+00
0.000000000000000e+00
0.000000000000000e+00
0.000000000000000e+00
0.000000000000000e+00
0.000000000000000e+00
0.000000000000000e+00
0.000000000000000e+00
0.000000000000000e+00
0.000000000000000e+00
0.000000000000000e+00
0.000000000000000e+00
0.000000000000000e+00
0.000000000000000e+00
0.000000000000000e+00
0.000000000000000e+00
0.000000000000000e+00
0.000000000000000e+00
0.000000000000000e+00
0.000000000000000e+00
0.000000000000000e+00
0.000000000000000e+00
0.000000000000000e+00
0.000000000000000e+00
0.000000000000000e+00
0.000000000000000e+00
0.000000000000000e+00
0.000000000000000e+00
0.000000000000000e+00
0.000000000000000e+00
0.000000000000000e+00
0.000000000000000e+00
0.000000000000000e+00
0.000000000000000e+00
0.000000000000000e+00
0.000000000000000e+00
0.000000000000000e+00
0.000000000000000e+00
0.000000000000000e+00
0.000000000000000e+00
0.000000000000000e+00
0.000000000000000e+00
0.000000000000000e+00
0.000000000000000e+00
0.000000000000000e+00
0.000000000000000e+00
0.000000000000000e+00
0.000000000000000e+00
0.000000000000000e+00
0.000000000000000e+00
0.000000000000000e+00
0.000000000000000e+00
0.000000000000000e+00
0.000000000000000e+00
0.000000000000000e+00
0.000000000000000e+00
0.000000000000000e+00
0.000000000000000e+00
0.000000000000000e+00
0.000000000000000e+00
0.000000000000000e+00
0.000000000000000e+00
0.000000000000000e+00
0.000000000000000e+00
0.000000000000000e+00
0.000000000000000e+00
0.000000000000000e+00
0.000000000000000e+00
0.000000000000000e+00
0.000000000000000e+00
0.000000000000000e+00
0.000000000000000e+00
0.000000000000000e+00
0.000000000000000e+00
0.000000000000000e+00
0.000000000000000e+00
0.000000000000000e+00
0.000000000000000e+00
0.000000000000000e+00
0.000000000000000e+00
0.000000000000000e+00
0.000000000000000e+00
0.000000000000000e+00
0.000000000000000e+00
0.000000000000000e+00
0.000000000000000e+00
0.000000000000000e+00
0.000000000000000e+00
0.000000000000000e+00
0.000000000000000e+00
7.143332094654477e-02
2.678119229106009e-03
2.574948661531550e-03
2.525324120549306e-03
2.546723070818888e-03
2.593285525020514e-03
2.649264097525620e-03
2.585541668714791e-03
1.757052187978276e-03
9.450938460690096e-04
5.764154247965582e-04
3.752263262009376e-04
4.114070723161657e-04
3.166631107092963e-04
3.883626784897912e-04
3.547384222934935e-04
3.835158181675350e-04
6.333177100260608e-04
9.103663572744743e-04
7.950484712959948e-04
3.987214712886038e-04
1.849066410019417e-04
1.731795663087617e-04
1.326808623358885e-04
1.256595300840552e-04
1.380228691414284e-04
1.818058374579580e-04
4.053132929880223e-04
7.749872198254260e-04
3.850128159877178e-04
1.621822050261801e-04
6.249776407461503e-05
4.502959143820904e-05
4.166096861827739e-05
4.188908904710653e-05
4.028764410155945e-05
6.830169019644004e-05
1.611144281696129e-04
3.940717076212153e-04
2.508082154537491e-03
2.471455769032817e-03
2.614402440981355e-03
2.335171150362901e-03
2.520629055121076e-03
2.463583587116617e-03
2.471725313250742e-03
2.660169961338486e-03
2.458904839387678e-03
2.516631017341591e-03
2.567889342783758e-03
2.461769300699101e-03
2.494247767334503e-03
2.646077311289922e-03
2.614918362313273e-03
2.367607311851992e-03
2.591868906978322e-03
2.510729449431182e-03
2.687981565976532e-03
2.763184604230825e-03
2.758388006451448e-03
1.649909066438661e-03
1.724176254420627e-03
1.801154900101524e-03
9.479069368456253e-04
9.233475906935205e-04
9.384145685522466e-04
6.150532689185207e-04
5.621130620941374e-04
5.706093456449656e-04
1.280592492179412e-03
3.881980409620636e-04
4.007288252994345e-04
4.301808371673311e-04
3.644682030389091e-04
4.001248186093036e-04
3.854245608968452e-04
3.990132508899773e-04
3.523443287368015e-04
3.731475067108026e-04
3.758954777800606e-04
3.785937151207684e-04
3.637956015758309e-04
4.003488344316752e-04
4.695030677574155e-04
3.939898924900456e-04
4.293952708909481e-04
4.228920130008011e-04
3.867628388734569e-04
5.959130609190695e-04
5.397171205431551e-04
6.280247318632996e-04
9.032307885367835e-04
9.261030658899216e-04
9.088846698881948e-04
7.694655420562373e-04
8.702733672092159e-04
7.883087074926606e-04
4.315420556131627e-04
4.061292031342299e-04
4.024862767674127e-04
1.535976976181488e-04
1.662434487087838e-04
1.985480487473372e-04
1.540062948229376e-04
1.237701772134711e-04
1.240273194763024e-04
1.224108977535121e-04
1.418397124683635e-04
1.208253814510002e-03
1.473507509968878e-04
1.341037757867572e-04
1.395137855968288e-04
1.249893838303610e-04
1.387136391539492e-04
1.314409941877198e-04
1.343829393891416e-04
1.698495721164737e-04
1.813277893046416e-04
1.365953978146773e-04
3.959746837561770e-04
3.778899387939203e-04
3.888623073040532e-04
8.006368803971625e-04
8.468483026109446e-04
8.483086359709912e-04
4.195513166137618e-04
4.088668749148920e-04
3.749988604946108e-04
1.746117340103860e-04
2.198797388706115e-04
1.931094074186015e-04
7.658955794759894e-05
6.995038218410995e-05
6.022639951008616e-05
4.144494796492593e-05
3.743669588486309e-05
5.221849802591797e-05
4.359664310590878e-05
3.852187954642290e-05
4.825009588278218e-05
3.953062435582343e-05
4.666906379987111e-05
4.557782080745943e-05
4.896683445609674e-05
3.936965705135461e-05
4.352440014363291e-05
1.118290913613894e-03
5.953365273924061e-05
5.957136223721738e-05
6.259896906451063e-05
1.751260311268660e-04
2.000501584393658e-04
1.726636323860257e-04
4.116891066249071e-04
4.692874626010368e-04
4.225926033641106e-04
1.264988641868690e-03
1.254504922980086e-03
1.299858054356445e-03
1.223739311137593e-03
1.282496525943032e-03
1.241915918703268e-03
1.185497070496909e-03
1.121514767215883e-03
1.168092229671796e-03
1.361036936608583e-03
1.167733341013923e-03
1.334438180224663e-03
1.075550628654944e-03
1.107764285219746e-03
1.239181596080022e-03
1.093349813879600e-03
1.173066005432986e-03
1.187946437741787e-03
1.172916225069736e-03
1.108301157671743e-03
1.068906101794080e-03
1.010284263456836e-03
1.064517043590834e-03
1.148844395365599e-03
1.222737787161945e-03
1.161416175404276e-03
1.089946465585405e-03
1.135374839686275e-03
1.124390812079272e-03
1.258289219044159e-03
1.326728369489067e-03
1.306910624426135e-03
1.351906478769243e-03
1.195121793462318e-03
1.225957611702381e-03
1.245696689338482e-03
1.219774916022080e-03
2.506243290844498e-03
9.251979372119402e-04
2.396930016025658e-03
8.981598116656168e-04
2.306671784917682e-03
9.396348705702463e-04
2.420988549826669e-03
4.528160546113185e-04
4.696995852346848e-04
4.924197151509113e-04
2.971049127553099e-04
3.012063966901786e-04
3.131555608106749e-04
2.989627634008731e-04
2.911991898751736e-04
2.785112721372183e-04
2.597437523314608e-04
2.830221087259171e-04
2.700251367851778e-04
2.392013553665065e-03
2.721832784246462e-04
2.456619958580720e-03
2.976590849903516e-04
2.452002855493549e-03
2.645464692480721e-04
2.299294976119478e-03
3.113288346656121e-04
2.920859863230869e-04
3.148241211081301e-04
2.561037470342699e-04
3.481384417444291e-04
3.226760821716584e-04
4.799942404098936e-04
5.445741038825643e-04
5.091497888923606e-04
9.047976905749187e-04
9.471263061696451e-04
1.102437765119552e-03
8.434368458303731e-04
2.415659713016082e-03
8.311986217250517e-04
2.390187784422121e-03
8.358234807557129e-04
2.380955995684712e-03
8.277818768011910e-04
2.306475569620029e-03
3.998199193762466e-04
3.830310968810209e-04
3.505039289640917e-04
1.771210839091413e-04
1.583256376704915e-04
1.655678884036272e-04
1.307895578886144e-04
1.401506165478030e-04
1.403446536340534e-04
1.319973194525291e-04
1.365674713817850e-04
1.329312936930699e-04
2.394293801051238e-03
1.226439789643789e-04
2.475696154864740e-03
1.124690624622118e-04
2.401111980465056e-03
1.237832590727024e-04
2.435716381429133e-03
1.327895210896580e-04
1.248554175337090e-04
1.433703907249695e-04
1.529661422196463e-04
2.022260153588520e-04
1.843090808102963e-04
3.694433134267383e-04
3.687479981291525e-04
4.052824706671388e-04
7.636230502608553e-04
8.545011021255593e-04
1.184710295502060e-03
8.721879772594131e-04
2.507105510016936e-03
1.678758456606335e-03
2.356346487716267e-03
1.706809387500656e-03
2.343733107617050e-03
1.585777083520924e-03
2.464239518337518e-03
2.359995608765222e-03
2.643293834115724e-03
2.214086367856436e-03
2.333923551452876e-03
2.366051086826973e-03
2.273107486193626e-03
2.198471538352980e-03
2.321616782937877e-03
2.288524287321730e-03
2.310890816723372e-03
2.082249631688446e-03
2.182889948607340e-03
2.417167387849381e-03
2.283709357312285e-03
2.425321604074322e-03
2.430778967948463e-03
2.382237841617940e-03
2.332562131553967e-03
2.542051373947668e-03
2.332951540353108e-03
2.344488153752166e-03
2.280265315496400e-03
2.358927706000482e-03
2.377452323757836e-03
2.415280578323903e-03
2.425578658201432e-03
2.595822222174562e-03
2.474514229658037e-03
1.661292172592532e-03
1.546728426210319e-03
1.060484154428912e-03
1.705043651274858e-03
2.394667899416475e-03
2.658295037544590e-03
2.599516267259839e-03
2.854006098143972e-03
2.444879071760902e-03
2.752675804434051e-03
2.436599551721649e-03
5.375918812275976e-03
5.506805294276586e-03
5.331719604128523e-03
5.302274819389788e-03
5.467586409115347e-03
5.376886592861113e-03
5.413103827165035e-03
5.141502370410342e-03
5.521416686000155e-03
5.450018492023859e-03
5.366912248079404e-03
5.169130854200783e-03
2.454897937672777e-03
5.230413686241000e-03
2.485064125882657e-03
5.284042510048136e-03
2.395330277135862e-03
5.434061393741437e-03
2.453277247662903e-03
5.356436285134290e-03
5.379698072013108e-03
5.338762403723946e-03
5.232909286967203e-03
5.475498277287848e-03
5.397450923029899e-03
5.253406734714203e-03
5.475380628690486e-03
5.438259675880129e-03
2.870974087970153e-03
2.755766094645544e-03
1.139629226507097e-03
2.831860965674692e-03
1.748067985073326e-03
1.697252856402038e-03
1.603764425920126e-03
2.577359651965132e-03
2.726741541026833e-03
2.741772358058117e-03
1.146000582994638e-03
1.121354108386440e-03
1.285954367294738e-03
1.059752376124268e-03
8.504727456578854e-04
4.896911339403791e-04
2.961336319229477e-04
2.652062532590834e-04
3.065941585259848e-04
2.575419709190417e-04
2.901131311518076e-04
3.326047726496406e-04
5.277761908172087e-04
9.050354052065719e-04
8.732817667446347e-04
3.958285799115952e-04
1.827802282222067e-04
1.163217014828858e-04
1.302681217786944e-04
1.220044913509430e-04
1.517565298055804e-04
1.713937225476491e-04
3.853987749029033e-04
8.130594340685539e-04
1.615057583274818e-03
2.367377453890368e-03
2.435002028815708e-03
2.311554403161224e-03
2.293273342174777e-03
2.367025918269829e-03
2.138731836887732e-03
2.181723333834541e-03
2.327308638194430e-03
1.669842546294716e-03
2.792924920634505e-03
5.374270523194461e-03
5.301622514324285e-03
5.279994108999235e-03
5.469528013877952e-03
5.055314700189812e-03
5.257066331323198e-03
5.393612436087931e-03
5.569161468314640e-03
2.715278860907280e-03
1.708815054341961e-03
2.583402237029912e-03
2.141988527341383e-03
2.275793057172075e-03
8.562638971364224e-03
8.531938328139281e-03
8.730720943813934e-03
8.611295530308257e-03
9.003884064826741e-03
8.553752473201948e-03
8.863977319820282e-03
8.914156864031514e-03
9.185900143752887e-03
8.856969975966527e-03
4.376002432188082e-03
8.922924907784119e-03
8.809716336255406e-03
8.446195869220411e-03
9.429234510460918e-03
8.858211732737301e-03
8.608602505565933e-03
8.847093134474409e-03
8.362123053409283e-03
4.395350791580039e-03
4.288978731695214e-03
8.818284538554964e-03
4.300926107919645e-03
4.395372548512426e-03
4.481807603112340e-03
4.239289121368880e-03
4.518701316851083e-03
4.317888859965807e-03
4.468426283881036e-03
4.354759608053696e-03
4.618532598210046e-03
4.354306741535090e-03
9.126344167494476e-03
4.487029669791760e-03
4.308126040915652e-03
4.476487227331015e-03
4.482623085170756e-03
4.315825980450443e-03
4.400523300802352e-03
4.482115020508865e-03
4.404944390044948e-03
4.425960378013875e-03
9.000533497238901e-03
8.948926053613126e-03
8.997279627128334e-03
8.928298064271797e-03
8.533068076998869e-03
8.548870056411480e-03
8.513405450805745e-03
8.232421115505385e-03
8.862397927691331e-03
8.705611832212863e-03
8.889005044377974e-03
8.829100151389034e-03
8.653573279000870e-03
8.644262923563168e-03
8.983841901035284e-03
8.891623934387713e-03
8.572701149687799e-03
8.861202102222267e-03
8.859127135522242e-03
8.808256204348441e-03
8.640175037711041e-03
8.581785071866199e-03
9.129190296575832e-03
8.556785550739380e-03
8.974056116334277e-03
8.626443190124589e-03
8.761758416584747e-03
8.812922663439639e-03
8.612322941004386e-03
8.609197195051222e-03
8.809730840877000e-03
8.860675100971075e-03
8.778753804029489e-03
8.520096110421397e-03
8.658201864913468e-03
8.837644179319270e-03
9.104146455771924e-03
8.226991552155963e-03
9.178672007326007e-03
9.043326159998043e-03
8.793525149496734e-03
8.594196193075433e-03
8.896408847888587e-03
8.574516644823784e-03
8.788888505461029e-03
8.536600758168931e-03
8.478148744776164e-03
8.888374093338704e-03
8.636991273271510e-03
8.306190815112040e-03
9.011970391364510e-03
9.347847467081319e-03
8.548469567693069e-03
8.897975347020564e-03
9.070417569883409e-03
8.608771726151177e-03
8.920283455029682e-03
8.771325020337247e-03
8.572824438971336e-03
8.646677943058304e-03
8.666996500472332e-03
9.203332281470024e-03
4.376968198242443e-03
4.242772647987990e-03
4.318672109531797e-03
4.386843831016094e-03
4.419155695956260e-03
4.374444394085365e-03
4.637786677561651e-03
4.469328390762852e-03
4.292389332300205e-03
4.354179826096156e-03
4.601227778837999e-03
4.562024607016817e-03
4.458106648524196e-03
4.457007520532416e-03
4.314140221096481e-03
4.290662476518398e-03
2.164300261505899e-03
4.518930167547321e-03
2.121978797495429e-03
2.175688403986712e-03
2.160017771980741e-03
2.122237261794082e-03
2.157070312001318e-03
2.317375591293643e-03
4.359007044743339e-03
4.241147324557329e-03
4.362800809102063e-03
4.319630623275360e-03
8.860376144603811e-03
4.406733293374678e-03
4.287613685640905e-03
4.417597254947388e-03
4.421440979669376e-03
4.229075047424741e-03
4.357830961675887e-03
4.505688253845765e-03
4.415645577530899e-03
4.445895368768013e-03
4.359904719657447e-03
8.615360853415683e-03
4.404983471942017e-03
4.412226515896647e-03
4.429247689335332e-03
4.248285612911570e-03
4.172676646705765e-03
4.303834284548921e-03
4.411207566229779e-03
4.208485737074323e-03
4.422673469598574e-03
4.568284962858562e-03
8.894277474326813e-03
4.183887913384384e-03
4.422631567358419e-03
4.521302076083834e-03
4.511020313905595e-03
4.316169256494795e-03
4.409009713152374e-03
4.500475856914074e-03
4.349215619356156e-03
4.458089323559515e-03
4.388886162317535e-03
8.593877897212710e-03
4.359494158285150e-03
4.292116564833037e-03
4.526207458525153e-03
4.472600794556561e-03
4.497706682908390e-03
4.370354493702462e-03
4.357887368537637e-03
4.472322386403218e-03
4.304866530118915e-03
4.388929273276157e-03
8.486467951071719e-03
4.411319574140964e-03
4.453609812924395e-03
4.443299444409127e-03
4.361688385207156e-03
4.228856269382389e-03
4.552403610933346e-03
4.426139268346848e-03
4.353236622786493e-03
4.318284513810355e-03
4.514061449566137e-03
8.805588159787747e-03
4.297401887778846e-03
4.404884759933956e-03
4.468385187453189e-03
4.446716088606449e-03
4.566643120275531e-03
4.386892985567046e-03
4.344898076995484e-03
4.335698117844346e-03
4.404063234283210e-03
2.189110215286627e-03
8.715524129446648e-03
2.135566606131346e-03
2.219230270741720e-03
2.184454231755466e-03
2.197356898474220e-03
2.102818595278019e-03
2.174965791797102e-03
4.527039862642094e-03
4.521430200241232e-03
4.359258458184275e-03
4.435080561746255e-03
8.960301706003123e-03
4.448475982692994e-03
4.452029614983133e-03
4.338551902142652e-03
4.440206736760703e-03
4.390324537292115e-03
4.284695436357745e-03
4.524947168071235e-03
4.433896823461853e-03
4.196542389911444e-03
4.446136306648907e-03
4.326334175887982e-03
4.362916040262493e-03
4.404524561831078e-03
4.359528002402201e-03
4.261552103888599e-03
4.433497946368060e-03
4.403430671619318e-03
4.233162530370711e-03
4.291562568869437e-03
4.486497430760549e-03
4.240010726293104e-03
4.410955749882687e-03
2.140003005807845e-03
4.318423516433949e-03
4.425549010829267e-03
4.342760659841380e-03
4.340808579518738e-03
4.548210566574674e-03
4.251937957209768e-03
4.509529561130821e-03
4.419229830688845e-03
4.367518840181148e-03
4.409431555897020e-03
4.495348473181158e-03
4.348074589124219e-03
4.333352801114084e-03
4.714232479852105e-03
4.266586819205784e-03
4.423746005784102e-03
4.414179804937757e-03
4.260723325927055e-03
4.408637427864836e-03
4.305423346425601e-03
2.194188847374745e-03
2.203263301258493e-03
2.170164359143861e-03
2.236816318610199e-03
2.163188643423302e-03
2.231942161395918e-03
2.155540678782552e-03
2.278258037030473e-03
2.098335458487500e-03
2.160308468771822e-03
4.637550977460774e-03
2.126869473862078e-03
2.230825305533304e-03
2.289879462175232e-03
2.196460633731656e-03
2.159393468893034e-03
4.428578059305148e-03
4.458093352621070e-03
4.332656579277650e-03
4.206258874753734e-03
4.439126545358225e-03
4.504769224905425e-03
4.525855318545382e-03
4.450410738050959e-03
8.479583896501499e-03
8.761458654405169e-03
8.618490628430399e-03
9.081446722979813e-03
8.825021129472326e-03
8.474533870750412e-03
8.429256888637411e-03
8.672625099462495e-03
4.241748460541104e-03
8.336259701485405e-03
8.951076766670354e-03
8.433103030796333e-03
8.403739230194820e-03
8.777755402576547e-03
9.061507703164119e-03
8.880293407487114e-03
8.882892152189086e-03
8.749548748453184e-03
8.849673345493241e-03
4.304818987192584e-03
8.837847244021564e-03
8.516990509776000e-03
8.649930201544245e-03
8.616866916624361e-03
8.564877517963322e-03
9.217600800055400e-03
8.615248845504497e-03
9.215902147704465e-03
8.859172261011641e-03
8.908592730026204e-03
4.404575328006653e-03
8.138938023530034e-03
8.542382461498122e-03
9.126908236111959e-03
8.788873195027126e-03
8.428156954833324e-03
8.638954232060347e-03
9.048146529240585e-03
9.146918973223304e-03
8.643366054461369e-03
8.983451887876913e-03
