1.105553043903297e-03
1.140000798303062e-03
1.103953684262424e-03
1.117835064584233e-03
1.125519156393892e-03
1.129090276890506e-03
5.578823327006305e-04
5.571784447486430e-04
1.112988559944839e-03
1.115337454140930e-03
1.115791055755720e-03
1.116248258095974e-03
1.134637531193734e-03
1.111944807507955e-03
1.132797793945213e-03
1.092781611898968e-03
5.632812927868137e-04
5.493843153075711e-04
1.121355909614832e-03
1.124631725726585e-03
1.123641544182762e-03
1.115933297880589e-03
1.088623438461272e-03
1.102545315720343e-03
1.104149174023204e-03
1.102125063468078e-03
5.557627400651555e-04
2.762512201482742e-04
5.601186840224053e-04
5.593907268818748e-04
5.595057794887775e-04
5.530662052538646e-04
5.456225314589969e-04
5.570072576399018e-04
5.574303563509498e-04
5.635196141198198e-04
2.789349458950408e-04
2.776210806824959e-04
2.789091571580529e-04
5.518433459080927e-04
1.116317471043294e-03
1.121260773240046e-03
1.112248417805669e-03
1.118845988461776e-03
1.101777346528274e-03
1.106981032358442e-03
1.089583449337867e-03
1.097150504100904e-03
5.529834334650229e-04
5.451891693334720e-04
5.542641693094909e-04
1.100700002286003e-03
1.095107177704149e-03
1.100466152676890e-03
1.092373948716779e-03
5.426392540876083e-04
1.103568352761603e-03
1.112062104956170e-03
1.127496250992589e-03
1.105287658763438e-03
5.573575157400706e-04
5.606728051414470e-04
5.499213531842313e-04
1.108305587505313e-03
1.107769950409631e-03
1.100417152280740e-03
1.112017755871217e-03
5.540081990340926e-04
1.108574205216661e-03
1.114694675259128e-03
1.118843995042691e-03
1.099777830454557e-03
5.531440518608690e-04
5.595661791891079e-04
5.623186419768362e-04
1.109628652077553e-03
1.118720079802290e-03
1.099491083404777e-03
1.115958610711219e-03
5.619969382581512e-04
1.105888468092079e-03
1.107538327683098e-03
1.123802732768301e-03
1.113145016404893e-03
5.591014476510948e-04
5.562767279112282e-04
5.500847147761602e-04
1.101073938972327e-03
1.107976008883307e-03
1.112648753825817e-03
1.112665509321367e-03
5.601049545729434e-04
1.122467366465674e-03
1.124844994630554e-03
1.110710943950074e-03
1.121798322940525e-03
5.490616732452178e-04
5.528527971697347e-04
1.103714213570666e-03
1.127656164508263e-03
0.000000000000000e+00
0.000000000000000e+00
0.000000000000000e+00
0.000000000000000e+00
0.000000000000000e+00
0.000000000000000e+00
0.000000000000000e+00
0.000000000000000e+00
0.000000000000000e+00
0.000000000000000e+00
0.000000000000000e+00
0.000000000000000e+00
0.000000000000000e+00
0.000000000000000e+00
0.000000000000000e+00
0.000000000000000e+00
0.000000000000000e+00
0.000000000000000e+00
0.000000000000000e+00
0.000000000000000e+00
0.000000000000000e+00
0.000000000000000e+00
0.000000000000000e+00
0.000000000000000e+00
0.000000000000000e+00
0.000000000000000e+00
0.000000000000000e+00
0.000000000000000e+00
0.000000000000000e+00
0.000000000000000e+00
0.000000000000000e+00
0.000000000000000e+00
0.000000000000000e+00
0.000000000000000e+00
0.000000000000000e+00
0.000000000000000e+00
0.000000000000000e+00
0.000000000000000e+00
0.000000000000000e+00
0.000000000000000e+00
0.000000000000000e+00
0.000000000000000e+00
0.000000000000000e+00
0.000000000000000e+00
0.000000000000000e+00
0.000000000000000e+00
0.000000000000000e+00
0.000000000000000e+00
0.000000000000000e+00
0.000000000000000e+00
0.000000000000000e+00
0.000000000000000e+00
0.000000000000000e+00
0.000000000000000e+00
0.000000000000000e+00
0.000000000000000e+00
0.000000000000000e+00
0.000000000000000e+00
0.000000000000000e+00
0.000000000000000e+00
0.000000000000000e+00
0.000000000000000e+00
0.000000000000000e+00
0.000000000000000e+00
0.000000000000000e+00
0.000000000000000e+00
0.000000000000000e+00
0.000000000000000e+00
0.000000000000000e+00
0.000000000000000e+00
0.000000000000000e+00
0.000000000000000e+00
0.000000000000000e+00
0.000000000000000e+00
0.000000000000000e+00
0.000000000000000e+00
0.000000000000000e+00
0.000000000000000e+00
0.000000000000000e+00
0.000000000000000e+00
0.000000000000000e+00
0.000000000000000e+00
0.000000000000000e+00
0.000000000000000e+00
0.000000000000000e+00
0.000000000000000e+00
0.000000000000000e+00
0.000000000000000e+00
0.000000000000000e+00
0.000000000000000e+00
0.000000000000000e+00
0.000000000000000e+00
0.000000000000000e+00
0.000000000000000e+00
0.000000000000000e+00
0.000000000000000e+00
0.000000000000000e+00
0.000000000000000e+00
0.000000000000000e+00
0.000000000000000e+00
4.901189512507389e-03
1.531248124943273e-04
1.565622639150406e-04
1.539036759012814e-04
1.600142675195564e-04
1.545471529287320e-04
1.620344372557607e-04
1.740691909110635e-04
1.588239067414527e-04
9.260197419990845e-06
1.928804821093851e-05
1.966875533865797e-05
1.971902168500508e-05
1.934731791427360e-05
2.006116945412009e-05
2.159263976223218e-05
3.036554583084356e-05
7.608769246104801e-05
1.439306024652966e-04
3.203490253509177e-06
6.521262396762820e-06
6.767071573342270e-06
7.209058905320892e-06
7.065786257987086e-06
8.973383586181328e-06
1.125039936650054e-05
2.060322693625580e-05
7.854223786862919e-05
1.392931497954669e-04
9.190762610444459e-07
2.023054436209899e-06
2.022448267673383e-06
2.069840682238030e-06
2.404385533355969e-06
3.230508444485045e-06
4.907778144205394e-06
1.003775643384033e-05
3.681222863637479e-05
7.222805990817288e-05
0.000000000000000e+00
3.554819042667185e-04
1.616671576463466e-04
0.000000000000000e+00
3.489818921691731e-04
1.644891768421153e-04
0.000000000000000e+00
3.538877167402271e-04
1.558482786668335e-04
0.000000000000000e+00
3.475209471987325e-04
1.627865825614239e-04
0.000000000000000e+00
3.585549034556497e-04
1.589095137648711e-04
0.000000000000000e+00
3.517924469603634e-04
1.594605471046888e-04
0.000000000000000e+00
3.622227496746981e-04
1.498439522241471e-04
0.000000000000000e+00
2.581118472750059e-04
7.780799348879508e-05
0.000000000000000e+00
1.418671802491208e-04
1.412105484515841e-04
0.000000000000000e+00
3.797827890549435e-05
7.898075246617440e-05
7.385109925762189e-05
0.000000000000000e+00
1.564210133085182e-05
3.008230704712537e-05
0.000000000000000e+00
1.455299776797566e-05
2.238077127714647e-05
0.000000000000000e+00
1.400842543220932e-05
2.047316938911832e-05
0.000000000000000e+00
1.426511742408926e-05
2.014679864534650e-05
0.000000000000000e+00
1.509523441650856e-05
1.840823625443720e-05
0.000000000000000e+00
1.577515181266802e-05
1.879274361789207e-05
0.000000000000000e+00
3.634780464162125e-05
1.972301820405267e-05
0.000000000000000e+00
1.407336128337803e-04
9.172646363996534e-06
0.000000000000000e+00
1.399906668878120e-04
1.413342930840456e-04
0.000000000000000e+00
2.990734397499549e-05
7.581005722215135e-05
0.000000000000000e+00
5.264644355682594e-06
2.108869617800316e-05
0.000000000000000e+00
3.555873341508854e-06
1.157450766098670e-05
0.000000000000000e+00
3.189920450847802e-06
8.844390458612255e-05
9.042599550006563e-06
0.000000000000000e+00
3.120165953099474e-06
7.782622665113834e-06
0.000000000000000e+00
3.535735536539616e-06
6.544986967088982e-06
0.000000000000000e+00
5.136094219485852e-06
6.749206319444589e-06
0.000000000000000e+00
2.789479982442420e-05
6.804490622711713e-06
0.000000000000000e+00
1.426428324105786e-04
3.475716143895564e-06
0.000000000000000e+00
7.178313572747268e-05
7.229640129585336e-05
0.000000000000000e+00
1.333801192249904e-05
3.768679075086373e-05
0.000000000000000e+00
1.884628769562147e-06
9.108396094379528e-06
0.000000000000000e+00
8.867205871714776e-07
5.011977679955197e-06
0.000000000000000e+00
7.055393791441696e-07
2.972341135879989e-06
0.000000000000000e+00
7.220664752439766e-07
2.446095781039703e-06
0.000000000000000e+00
9.683913646546687e-07
2.295683407145393e-06
3.165791135633157e-05
0.000000000000000e+00
1.991831613612817e-06
2.000190894060413e-06
0.000000000000000e+00
1.415034422977835e-05
2.066490800252950e-06
0.000000000000000e+00
7.105361898344081e-05
1.017333688689037e-06
0.000000000000000e+00
2.207357759536842e-04
8.854635914358468e-05
0.000000000000000e+00
2.210373254870735e-04
7.353269489445467e-05
0.000000000000000e+00
1.670051332510377e-04
1.444589999477486e-04
0.000000000000000e+00
9.081048700932876e-05
9.976127261984155e-05
0.000000000000000e+00
7.269374774858483e-05
6.160987800631419e-05
0.000000000000000e+00
7.298433291579787e-05
6.019434617560760e-05
0.000000000000000e+00
7.167726115427232e-05
5.870519898316405e-05
0.000000000000000e+00
7.128757017162377e-05
5.960742034866373e-05
0.000000000000000e+00
7.102922541532814e-05
5.880103238117757e-05
0.000000000000000e+00
7.066682609092555e-05
6.047950359713430e-05
0.000000000000000e+00
9.193909557021188e-05
5.883306598608916e-05
0.000000000000000e+00
1.581821380382403e-04
6.083563644701553e-05
3.013141954503831e-05
0.000000000000000e+00
0.000000000000000e+00
4.202157421657893e-04
1.425352876754424e-04
1.470256325268600e-04
1.425580447542389e-04
1.533076245138007e-04
0.000000000000000e+00
3.172153170243116e-05
8.067307659786513e-05
0.000000000000000e+00
9.733438660357370e-06
2.526020720005008e-05
0.000000000000000e+00
7.939809014275261e-06
1.641187853214330e-05
0.000000000000000e+00
7.748149654285076e-06
1.489714526979158e-05
0.000000000000000e+00
0.000000000000000e+00
4.164674228754022e-04
7.664228752221167e-06
1.499715579836645e-04
1.476149427961845e-05
1.488276934812277e-04
0.000000000000000e+00
7.915655819561161e-06
1.410412378898769e-05
0.000000000000000e+00
9.864189863460148e-06
1.482449413754925e-05
0.000000000000000e+00
3.155008068453329e-05
1.447209060044824e-05
0.000000000000000e+00
1.448573739765904e-04
6.071159745973705e-05
7.141331236209612e-06
0.000000000000000e+00
0.000000000000000e+00
4.088990010040066e-04
1.434911108005705e-04
1.545051732737842e-04
1.417328590468196e-04
1.554075433600208e-04
0.000000000000000e+00
2.637186061480916e-05
8.223112891376353e-05
0.000000000000000e+00
5.127447862417711e-06
2.230359910465384e-05
0.000000000000000e+00
2.575593950551767e-06
1.077585843316588e-05
0.000000000000000e+00
2.287938143409992e-06
7.215358350949032e-06
0.000000000000000e+00
0.000000000000000e+00
4.205370911995470e-04
2.350772882739620e-06
1.517865009598990e-04
6.451184098193115e-06
1.523692449280845e-04
0.000000000000000e+00
2.748022018092683e-06
6.206058616095633e-06
0.000000000000000e+00
4.766069028845125e-06
6.249200116724839e-06
0.000000000000000e+00
2.994623879707345e-05
6.748977976992423e-06
0.000000000000000e+00
1.397610151319512e-04
5.946492203127985e-05
2.981904861380381e-06
0.000000000000000e+00
0.000000000000000e+00
4.089412556520150e-04
3.867864588000558e-04
1.490524032189410e-04
1.664196842490717e-04
1.491909088054471e-04
0.000000000000000e+00
6.565865639842342e-04
2.137360397317601e-04
0.000000000000000e+00
6.255041454780464e-04
1.752244580849428e-04
0.000000000000000e+00
6.260803288974987e-04
1.605081898515652e-04
0.000000000000000e+00
6.076083378870884e-04
1.531817528941965e-04
0.000000000000000e+00
0.000000000000000e+00
4.041539721712621e-04
6.203354028477350e-04
1.546762380386739e-04
1.527795615127042e-04
1.517659909672554e-04
0.000000000000000e+00
6.072024256811221e-04
1.605124471931127e-04
0.000000000000000e+00
6.328499127639495e-04
1.456676988345268e-04
0.000000000000000e+00
6.316117884972587e-04
1.553162535208219e-04
0.000000000000000e+00
3.748985424597870e-04
5.868627665453811e-05
7.835508208121787e-05
0.000000000000000e+00
0.000000000000000e+00
4.189596703928120e-04
5.938830368919930e-04
1.489113564720703e-04
1.953457048240598e-04
1.514700389456766e-04
0.000000000000000e+00
1.181020523188617e-03
3.701633729700835e-04
0.000000000000000e+00
1.183706350106851e-03
3.673256735577531e-04
0.000000000000000e+00
1.158907300797750e-03
3.623971581307213e-04
0.000000000000000e+00
1.186941435817847e-03
3.611330071738635e-04
0.000000000000000e+00
0.000000000000000e+00
4.067361121141543e-04
1.167863283777109e-03
1.541557547442660e-04
3.532933119438483e-04
1.522717727959135e-04
0.000000000000000e+00
1.197337089406537e-03
3.586093004503129e-04
0.000000000000000e+00
1.191924148448665e-03
3.530069869242344e-04
0.000000000000000e+00
1.212717574756243e-03
3.506993349527201e-04
0.000000000000000e+00
5.999708893902018e-04
6.028198001012527e-05
1.731438415067406e-04
0.000000000000000e+00
2.587447713034506e-04
1.553463579652314e-04
0.000000000000000e+00
3.554371825381085e-04
1.761628017531980e-04
6.146509472108026e-05
6.063811510484779e-05
9.823092164572844e-05
1.423458376602106e-04
7.061553820147910e-06
1.420048746060978e-05
1.415199517026047e-05
1.380678789289159e-05
1.443882078948687e-05
1.467566389448950e-05
1.641079020501492e-05
2.588282053204794e-05
7.962893075254183e-05
1.384578016914299e-04
3.112542208937887e-06
5.678632413343058e-06
6.329135794099012e-06
5.999337493325167e-06
6.923778333202857e-06
7.532900765203883e-06
9.996206385398477e-06
2.131464619054117e-05
8.483989155219072e-05
1.394163691350614e-04
8.163480309443244e-05
1.570299406848547e-04
1.572027227533477e-04
1.558550120683476e-04
1.526533542893238e-04
1.527602255720666e-04
1.560259398979173e-04
1.727695680942203e-04
2.154648470244472e-04
1.726229967928816e-04
1.773934540655832e-04
3.550989635218940e-04
3.508061736852639e-04
3.534593269382076e-04
3.553025167526660e-04
3.545948799156881e-04
3.623130641303470e-04
3.779923378586290e-04
3.793229002008498e-04
1.904489662482146e-04
8.141356107533521e-05
1.576603549807130e-04
1.456135173446296e-04
1.429087652917178e-04
1.775412155817852e-03
5.715600340805545e-04
5.682719790939706e-04
5.747458365453942e-04
0.000000000000000e+00
0.000000000000000e+00
1.811431541578610e-03
1.805768848555773e-03
5.780129202244452e-04
5.823387922874846e-04
2.806256054768989e-04
5.792063048037957e-04
0.000000000000000e+00
0.000000000000000e+00
1.806130016584717e-03
1.793405744206661e-03
5.784791647855024e-04
5.673049732918486e-04
5.840927092526629e-04
0.000000000000000e+00
0.000000000000000e+00
5.863913324724219e-04
9.217773814000990e-04
9.184282757092044e-04
2.918765054430120e-04
2.899558506445722e-04
2.865728164220939e-04
0.000000000000000e+00
0.000000000000000e+00
8.912755057951907e-04
9.204464419245380e-04
2.809624057534045e-04
5.756791472794289e-04
2.847703637429174e-04
2.846287209906782e-04
0.000000000000000e+00
0.000000000000000e+00
8.929698581410065e-04
8.878567785958575e-04
2.861041945740876e-04
2.896617023529873e-04
2.969365977538414e-04
0.000000000000000e+00
5.832824158225048e-04
0.000000000000000e+00
1.798762204957134e-03
1.819136061444205e-03
5.757034813592468e-04
5.679344267956256e-04
5.725968409784197e-04
0.000000000000000e+00
0.000000000000000e+00
1.799077874542373e-03
1.822544278296518e-03
5.658005928868696e-04
5.559155149854587e-04
5.651546038819912e-04
5.763616643421298e-04
0.000000000000000e+00
0.000000000000000e+00
1.798291452754722e-03
1.807554978993773e-03
5.812324581645160e-04
5.868356090164037e-04
5.685768599718662e-04
5.876445779901876e-04
0.000000000000000e+00
0.000000000000000e+00
1.820212058781689e-03
1.820121196584760e-03
5.613693255242498e-04
5.662375781862711e-04
5.625257106291022e-04
0.000000000000000e+00
0.000000000000000e+00
1.780476472920030e-03
5.816182655716956e-04
1.819968197180325e-03
5.761622640677842e-04
5.745611534506877e-04
5.662852406569995e-04
0.000000000000000e+00
0.000000000000000e+00
1.790024294842149e-03
1.765920131671375e-03
5.480215350028459e-04
5.633733896464639e-04
5.864532317267483e-04
5.778562886667684e-04
0.000000000000000e+00
0.000000000000000e+00
1.809735222751805e-03
1.793700429015320e-03
5.859974660849336e-04
5.497864876079121e-04
5.812739024248110e-04
0.000000000000000e+00
0.000000000000000e+00
5.570476827422414e-04
1.812854815867001e-03
1.787345004901814e-03
5.744944861534154e-04
5.689934621121584e-04
5.675272305404290e-04
0.000000000000000e+00
0.000000000000000e+00
8.839362979356000e-04
9.032557434792409e-04
2.891770702967467e-04
2.860387843879498e-04
2.856376761423904e-04
2.888379129368639e-04
2.789954847755324e-04
0.000000000000000e+00
0.000000000000000e+00
9.030745533576152e-04
9.076359541710695e-04
2.847470578004200e-04
2.894537851507055e-04
2.933139761078570e-04
0.000000000000000e+00
2.868782652448415e-04
0.000000000000000e+00
4.535835034105365e-04
4.560552824648670e-04
1.446396322263083e-04
1.458373998583197e-04
1.469186759401474e-04
0.000000000000000e+00
0.000000000000000e+00
9.136769343826918e-04
8.932087541533887e-04
5.618611882143552e-04
2.844720826984776e-04
2.957849582435217e-04
2.931206862915616e-04
0.000000000000000e+00
0.000000000000000e+00
8.785033015654504e-04
8.980508229863512e-04
2.841051454273637e-04
2.890099575749861e-04
2.841564490306993e-04
5.974228957285008e-04
0.000000000000000e+00
0.000000000000000e+00
8.976278634554648e-04
9.007553224946158e-04
2.859298197906839e-04
2.841661400106416e-04
2.901579065661894e-04
0.000000000000000e+00
0.000000000000000e+00
8.874025753635959e-04
5.773331059506835e-04
9.224660762660893e-04
2.839107197213647e-04
2.844850062499086e-04
2.819078610789350e-04
0.000000000000000e+00
0.000000000000000e+00
8.957864605346902e-04
8.888731170306437e-04
2.935784071901587e-04
2.915526691250810e-04
5.850538380602309e-04
2.917772318256884e-04
0.000000000000000e+00
0.000000000000000e+00
9.148170937745440e-04
8.742820076797538e-04
2.924934955878268e-04
2.832614779414258e-04
2.844181750792205e-04
0.000000000000000e+00
0.000000000000000e+00
5.640073283431815e-04
8.989537250999787e-04
8.987482502850440e-04
2.883049606713907e-04
2.796338256060620e-04
2.879863054472068e-04
0.000000000000000e+00
0.000000000000000e+00
8.874094490676920e-04
8.952549719057523e-04
2.956770285181006e-04
5.655751030668004e-04
2.759398943309728e-04
2.903750747595163e-04
0.000000000000000e+00
0.000000000000000e+00
8.948244427699628e-04
8.831289811650215e-04
2.889202380022847e-04
2.898064587001256e-04
2.848628961017820e-04
0.000000000000000e+00
5.738946465962214e-04
0.000000000000000e+00
4.457077537842154e-04
4.482317837649151e-04
1.451788610680888e-04
1.444061844437895e-04
1.436740159809583e-04
0.000000000000000e+00
0.000000000000000e+00
9.033834165839979e-04
8.840319865413491e-04
5.716266340325875e-04
2.854245756015200e-04
2.846245859929823e-04
2.826511639546718e-04
0.000000000000000e+00
0.000000000000000e+00
8.956008480756806e-04
9.053572337143792e-04
2.852476192506080e-04
2.904135468499149e-04
2.826843225056856e-04
2.897363612853290e-04
2.800705729522846e-04
0.000000000000000e+00
0.000000000000000e+00
8.843013899471559e-04
8.856339995846528e-04
2.860733167818463e-04
2.907136058086733e-04
2.838122138397697e-04
0.000000000000000e+00
0.000000000000000e+00
8.902996957254446e-04
1.394866876667271e-04
9.043284139619006e-04
2.828612474288193e-04
2.877004608236337e-04
2.904353801765117e-04
0.000000000000000e+00
0.000000000000000e+00
9.078689417611192e-04
9.053642870057803e-04
2.874103285531552e-04
2.851667286387852e-04
2.799133173287234e-04
2.881872636414227e-04
2.873056067059684e-04
2.907224617076476e-04
2.862233642199560e-04
2.908285910703369e-04
2.865693818148871e-04
2.877078126789292e-04
2.919049408479062e-04
2.926208252318630e-04
1.423487660557016e-04
0.000000000000000e+00
0.000000000000000e+00
4.443849810413462e-04
4.559495751323443e-04
1.410500131148665e-04
1.389156337096719e-04
1.444445846992660e-04
0.000000000000000e+00
0.000000000000000e+00
2.801027415282800e-04
4.404177650298222e-04
4.414579706174332e-04
1.397945777544011e-04
1.409665734857345e-04
1.454410057795146e-04
0.000000000000000e+00
0.000000000000000e+00
9.087518737664387e-04
9.011750808817918e-04
2.849258436970010e-04
2.876229778809219e-04
2.909548499250673e-04
2.867901529785193e-04
0.000000000000000e+00
0.000000000000000e+00
1.790251167484466e-03
1.827066151944157e-03
5.646103555750381e-04
5.686074481795782e-04
5.913465547765378e-04
0.000000000000000e+00
2.899846923657439e-04
0.000000000000000e+00
1.799609497861790e-03
1.797871173564362e-03
5.828478190342585e-04
5.847220684731045e-04
5.738158077693574e-04
0.000000000000000e+00
0.000000000000000e+00
1.790679761567045e-03
1.802379991214933e-03
2.901936107672507e-04
5.896045354703112e-04
5.932924191429069e-04
5.729598856946993e-04
0.000000000000000e+00
0.000000000000000e+00
1.787379126489751e-03
1.764805989990324e-03
5.775993171921453e-04
5.751128456514304e-04
5.712086535597299e-04
2.894431827651908e-04
0.000000000000000e+00
0.000000000000000e+00
1.789097615369349e-03
1.821649215168750e-03
5.756502067852396e-04
5.716810130685199e-04
5.891610940072973e-04
0.000000000000000e+00
0.000000000000000e+00
1.794099472006873e-03
