0.000000000000000e+00
0.000000000000000e+00
0.000000000000000e+00
0.000000000000000e+00
0.000000000000000e+00
0.000000000000000e+00
0.000000000000000e+00
0.000000000000000e+00
0.000000000000000e+00
0.000000000000000e+00
0.000000000000000e+00
0.000000000000000e+00
0.000000000000000e+00
0.000000000000000e+00
0.000000000000000e+00
0.000000000000000e+00
0.000000000000000e+00
0.000000000000000e+00
0.000000000000000e+00
0.000000000000000e+00
0.000000000000000e+00
0.000000000000000e+00
0.000000000000000e+00
0.000000000000000e+00
0.000000000000000e+00
0.000000000000000e+00
0.000000000000000e+00
0.000000000000000e+00
0.000000000000000e+00
0.000000000000000e+00
0.000000000000000e+00
0.000000000000000e+00
0.000000000000000e+00
0.000000000000000e+00
0.000000000000000e+00
0.000000000000000e+00
0.000000000000000e+00
0.000000000000000e+00
0.000000000000000e+00
0.000000000000000e+00
0.000000000000000e+00
0.000000000000000e+00
0.000000000000000e+00
0.000000000000000e+00
0.000000000000000e+00
0.000000000000000e+00
0.000000000000000e+00
0.000000000000000e+00
0.000000000000000e+00
0.000000000000000e+00
0.000000000000000e+00
0.000000000000000e+00
0.000000000000000e+00
0.000000000000000e+00
0.000000000000000e+00
0.000000000000000e+00
0.000000000000000e+00
0.000000000000000e+00
0.000000000000000e+00
0.000000000000000e+00
0.000000000000000e+00
0.000000000000000e+00
0.000000000000000e+00
0.000000000000000e+00
0.000000000000000e+00
0.000000000000000e+00
0.000000000000000e+00
0.000000000000000e+00
0.000000000000000e+00
0.000000000000000e+00
0.000000000000000e+00
0.000000000000000e+00
0.000000000000000e+00
0.000000000000000e+00
0.000000000000000e+00
0.000000000000000e+00
0.000000000000000e+00
0.000000000000000e+00
0.000000000000000e+00
0.000000000000000e+00
0.000000000000000e+00
0.000000000000000e+00
0.000000000000000e+00
0.000000000000000e+00
0.000000000000000e+00
0.000000000000000e+00
0.000000000000000e+00
0.000000000000000e+00
0.000000000000000e+00
0.000000000000000e+00
0.000000000000000e+00
0.000000000000000e+00
0.000000000000000e+00
0.000000000000000e+00
0.000000000000000e+00
0.000000000000000e+00
0.000000000000000e+00
0.000000000000000e+00
0.000000000000000e+00
0.000000000000000e+00
2.743601254202258e-04
1.101626053203236e-03
1.109316367713011e-03
1.106976452882166e-03
1.101068578291275e-03
1.093778725512762e-03
1.110089230659140e-03
1.094142407763974e-03
1.088570101031708e-03
5.519629241150799e-04
5.415289241471051e-04
1.104684451944277e-03
1.108538628971554e-03
1.098284777518837e-03
2.789085690096293e-04
1.112796877434923e-03
1.098408136038592e-03
1.082041204561006e-03
1.109871606763026e-03
1.085870975673544e-03
5.477542507272373e-04
5.535652469464846e-04
1.107411108036286e-03
1.109192488390071e-03
1.107822731118550e-03
1.084267198184969e-03
1.106822878798356e-03
1.104839597417005e-03
2.741336388906143e-04
1.088037014075756e-03
1.112863935334583e-03
5.521460672486468e-04
2.741318901592325e-04
5.565848772780736e-04
5.537633182747738e-04
5.515727437570253e-04
5.614665316427253e-04
5.520254743733868e-04
5.501339800635849e-04
5.531208581604374e-04
5.602641901465416e-04
5.611868378843459e-04
1.096614346202037e-03
1.094326421895970e-03
1.107283556152961e-03
1.094318951064084e-03
5.596770384324407e-04
5.589406002814348e-04
1.108345024877475e-03
5.509443947151739e-04
1.115607481612622e-03
1.090455767733465e-03
1.110099476114886e-03
1.095484454714345e-03
5.522109117347740e-04
1.091747727784491e-03
1.105566746414663e-03
1.113683652608568e-03
1.096842431058663e-03
5.430533779230924e-04
5.506238807623840e-04
1.105501834583297e-03
5.520353292267448e-04
1.090800440668450e-03
1.097456377198659e-03
1.096938528225530e-03
1.114388065853422e-03
5.502150861801736e-04
1.090063055194411e-03
1.116321206459237e-03
1.114304306334403e-03
1.103891421343805e-03
5.467047425172308e-04
5.520662362019231e-04
1.095141029911128e-03
5.481281470064175e-04
1.111586952864789e-03
1.103183973073497e-03
1.093162336985418e-03
1.107585657917313e-03
5.573809339246333e-04
1.096188410011572e-03
1.112546963741383e-03
1.103949652527428e-03
1.097419103853521e-03
5.518674689728275e-04
5.536618783855844e-04
1.084982916450669e-03
5.472529821520362e-04
1.094180040283722e-03
1.102455082078981e-03
1.104435068033287e-03
1.112690920925014e-03
5.485455572895818e-04
1.101350144247308e-03
1.104463900775093e-03
1.108071540350164e-03
1.114383899427948e-03
5.550903741748656e-04
5.496764903836430e-04
4.908452094953648e-03
2.052990522782292e-05
1.034554297820878e-05
7.470243947086024e-06
6.163344652509356e-06
6.347124794873994e-06
6.169735505269649e-06
5.691288793582299e-06
3.267525298965430e-06
1.454680415258511e-04
7.783325749412632e-05
2.500696426654286e-05
1.554903147279549e-05
1.474808514095127e-05
1.381011074909182e-05
1.465302523107218e-05
1.332012439556647e-05
1.388396960595981e-05
7.276552654952375e-06
1.511823501849659e-04
1.032491594515132e-04
6.410848712339590e-05
5.873957676361529e-05
6.000540910661550e-05
6.312874998438033e-05
6.059943059634023e-05
6.323263506696827e-05
6.047376802758313e-05
2.963369992364831e-05
8.511244615398886e-05
1.538961579277289e-04
1.489615780618937e-04
1.560055264334502e-04
1.534311188464559e-04
1.483067275459379e-04
1.530487909433095e-04
1.559601222730814e-04
1.514019349499649e-04
7.559142932076151e-05
4.577852746830101e-06
0.000000000000000e+00
5.959518498139734e-06
2.698482842490134e-06
0.000000000000000e+00
6.176958948627037e-06
2.319234405639826e-06
0.000000000000000e+00
6.697975007014296e-06
2.348381968902345e-06
0.000000000000000e+00
7.473094264190157e-06
2.853371035358794e-06
0.000000000000000e+00
1.087261642519462e-05
4.835924351536427e-06
0.000000000000000e+00
1.895103271027218e-05
2.678601026596841e-05
0.000000000000000e+00
7.977741016899536e-05
1.411676809618975e-04
0.000000000000000e+00
1.470510620892380e-04
1.381664796550563e-04
0.000000000000000e+00
7.148916484850268e-06
3.439394190565881e-05
0.000000000000000e+00
1.431676666283561e-05
6.786604365517507e-05
9.506436939664859e-06
0.000000000000000e+00
1.392685961421082e-05
7.830976967873774e-06
0.000000000000000e+00
1.458297299370708e-05
7.824592393654020e-06
0.000000000000000e+00
1.508143257091442e-05
7.820657502515571e-06
0.000000000000000e+00
1.437272620735414e-05
7.738325351814310e-06
0.000000000000000e+00
1.671683341965102e-05
9.638496885252311e-06
0.000000000000000e+00
2.328991741688215e-05
3.138931903975101e-05
0.000000000000000e+00
7.425774215943511e-05
1.472608817945314e-04
0.000000000000000e+00
1.433243392946893e-04
1.630588548744272e-04
0.000000000000000e+00
3.023312081793781e-05
9.173451588575012e-05
0.000000000000000e+00
6.057535972416611e-05
7.402689558678613e-05
0.000000000000000e+00
6.051214695706717e-05
7.441208902986686e-05
0.000000000000000e+00
5.995292078827764e-05
7.210806079343982e-05
0.000000000000000e+00
8.991930482635717e-07
5.982534898198502e-05
7.215296210935475e-05
0.000000000000000e+00
5.837743194809641e-05
7.459392678821096e-05
0.000000000000000e+00
6.320631626682573e-05
7.410190527558277e-05
0.000000000000000e+00
6.163424407512078e-05
9.024157126362278e-05
0.000000000000000e+00
9.567464002990485e-05
1.615935829723585e-04
0.000000000000000e+00
1.477010704824847e-04
2.174912529298152e-04
0.000000000000000e+00
7.615608491886833e-05
4.197686101836590e-04
0.000000000000000e+00
1.525847766320953e-04
4.177190319038519e-04
0.000000000000000e+00
1.522321098171992e-04
4.089525606728603e-04
0.000000000000000e+00
1.543512321584195e-04
4.106098192608431e-04
0.000000000000000e+00
1.513527617010339e-04
4.095184874123599e-04
0.000000000000000e+00
1.541257928472799e-04
4.116099679000895e-04
0.000000000000000e+00
1.533366649034284e-04
1.433559388034122e-04
4.166250399184147e-04
0.000000000000000e+00
1.541545919164666e-04
4.101635268493634e-04
0.000000000000000e+00
1.547710174836916e-04
2.275633575402619e-04
0.000000000000000e+00
8.920486313877525e-05
6.879430125141722e-05
0.000000000000000e+00
9.916597148288007e-07
7.148721513367229e-05
0.000000000000000e+00
7.296708074910778e-05
1.416324865796740e-04
0.000000000000000e+00
3.482566662990058e-06
3.104947784508369e-05
0.000000000000000e+00
7.090330335694569e-06
5.261891724251162e-06
0.000000000000000e+00
6.999551653877547e-06
3.454182433462603e-06
0.000000000000000e+00
6.943933675994839e-06
3.094731427517658e-06
0.000000000000000e+00
8.001761338053374e-06
3.229509998698235e-06
0.000000000000000e+00
8.643741161576060e-06
3.404447079774805e-06
0.000000000000000e+00
1.114091340484011e-05
5.360973968852911e-06
0.000000000000000e+00
2.254671134992689e-05
2.650676814160039e-05
0.000000000000000e+00
7.361578573136798e-05
1.388639529729959e-04
0.000000000000000e+00
7.915954902575161e-05
1.401674492635224e-04
1.368454821607567e-05
1.465718625489714e-04
0.000000000000000e+00
0.000000000000000e+00
2.003438811144043e-06
9.865686962161121e-06
3.888296314251803e-05
3.807018355060736e-05
0.000000000000000e+00
1.896520972497052e-05
1.620380924186263e-05
0.000000000000000e+00
2.018615239717010e-05
1.446830222028102e-05
0.000000000000000e+00
2.068718722826961e-05
1.403412879507603e-05
0.000000000000000e+00
2.123712901399945e-05
1.854891567161052e-06
1.470737304968026e-05
0.000000000000000e+00
0.000000000000000e+00
1.984309387138201e-06
2.177487696202719e-05
1.095122192886472e-05
1.467134930948857e-05
0.000000000000000e+00
2.226852233673919e-05
1.629691066799991e-05
0.000000000000000e+00
2.872514614141374e-05
3.912479681036155e-05
0.000000000000000e+00
8.131678596639146e-05
1.534879683302519e-04
0.000000000000000e+00
2.207634119144664e-05
1.408132137842695e-04
1.024413843650125e-06
2.618507763941865e-04
0.000000000000000e+00
0.000000000000000e+00
2.349860407359916e-06
7.732008901513238e-05
5.400790824423969e-06
3.645937914751698e-04
0.000000000000000e+00
1.584296070995914e-04
3.471918646866563e-04
0.000000000000000e+00
1.485561866591117e-04
3.474155855717719e-04
0.000000000000000e+00
1.580723305030619e-04
3.414942868298370e-04
0.000000000000000e+00
1.505074453791527e-04
7.665374699866191e-07
3.429303724275927e-04
0.000000000000000e+00
0.000000000000000e+00
2.569031612960652e-06
1.543287062982781e-04
2.960227989700336e-06
3.484608914388429e-04
0.000000000000000e+00
1.606017548374334e-04
3.464526519117892e-04
0.000000000000000e+00
1.582496258250120e-04
3.631061777899471e-04
0.000000000000000e+00
1.761681242719478e-04
2.760427596943950e-04
0.000000000000000e+00
1.237564136692916e-05
1.557129832034031e-04
7.655503097887476e-07
5.901571166282133e-04
0.000000000000000e+00
0.000000000000000e+00
3.193505778103261e-06
1.771803119951486e-04
2.508463917826236e-06
1.171953645048464e-03
0.000000000000000e+00
3.581487241135673e-04
1.170770496945495e-03
0.000000000000000e+00
3.647597705520679e-04
1.172640440778705e-03
0.000000000000000e+00
3.596960909848225e-04
1.171772621045096e-03
0.000000000000000e+00
3.590364982415958e-04
9.032711225713860e-07
1.202192348927046e-03
0.000000000000000e+00
0.000000000000000e+00
4.939784425189141e-06
3.659024172280933e-04
2.424911774792317e-06
1.164788641364338e-03
0.000000000000000e+00
3.626408491241451e-04
1.162432770201450e-03
0.000000000000000e+00
3.670103182502973e-04
1.181730467722464e-03
0.000000000000000e+00
3.651543889613955e-04
5.923921345142489e-04
0.000000000000000e+00
9.138186646837420e-06
1.965002659953466e-04
1.894189680241987e-06
3.971690519019948e-04
0.000000000000000e+00
0.000000000000000e+00
9.427951079021533e-06
8.083589381577592e-05
1.888683347571936e-06
6.711273439929176e-04
0.000000000000000e+00
1.610197162291397e-04
6.284814740199592e-04
0.000000000000000e+00
1.535906945135128e-04
6.094166518469296e-04
0.000000000000000e+00
1.537355069816837e-04
6.217302080586112e-04
0.000000000000000e+00
1.590016072572595e-04
1.314018787751070e-05
6.376474619040204e-04
0.000000000000000e+00
0.000000000000000e+00
4.003851765608513e-05
1.606252661829106e-04
2.049662443818450e-06
6.069261036743928e-04
0.000000000000000e+00
1.609938219846102e-04
6.325315179413580e-04
0.000000000000000e+00
1.753524937315714e-04
6.300662377026245e-04
0.000000000000000e+00
2.119676805800036e-04
3.803764199422800e-04
0.000000000000000e+00
8.268133190895929e-06
1.662493681387594e-04
1.396441060412835e-04
0.000000000000000e+00
2.882721844449127e-06
2.708162093136523e-05
0.000000000000000e+00
6.253878611547763e-06
6.920083149025708e-06
7.196385022334551e-06
6.912571068181552e-06
3.392259555688881e-06
1.459375927381604e-04
7.737323002108159e-05
2.886156823457740e-05
2.148552940388977e-05
2.089592141248626e-05
2.029199133351465e-05
2.135144685628056e-05
2.013383847494163e-05
1.862336332580158e-05
9.556069258644016e-06
1.590619003276276e-04
1.840742061940714e-04
1.649701127671364e-04
1.560145046762759e-04
1.580753049177998e-04
1.536090763965929e-04
1.570732279598665e-04
1.485945813024850e-04
1.572140872624878e-04
7.726958569772430e-05
1.911921984114501e-04
3.775897098555017e-04
3.651454185755142e-04
3.574023727433293e-04
3.596639471020815e-04
3.437461971467425e-04
3.576709926995186e-04
3.599811454242541e-04
3.471293615700170e-04
1.768234585512064e-04
1.698590538866857e-04
2.049504536770000e-04
1.703084733621124e-04
1.641839278102444e-04
1.598948913482874e-04
1.605531349418857e-04
1.503523279669408e-04
1.506455390372780e-04
1.618363805189401e-04
7.966267632955872e-05
1.444462514939399e-04
7.733458339427114e-05
1.459890557252292e-04
1.421947609623595e-04
0.000000000000000e+00
5.775013163998455e-04
5.610384448942829e-04
5.634614772195317e-04
1.798145448275815e-03
1.809933702641213e-03
0.000000000000000e+00
0.000000000000000e+00
5.538997956471548e-04
5.648372147483072e-04
2.770037358527538e-04
5.663254682133036e-04
1.800245829559345e-03
1.813234723831213e-03
0.000000000000000e+00
0.000000000000000e+00
5.792907871617170e-04
5.737178473842011e-04
5.814237590514091e-04
8.979263779634008e-04
8.959156960489999e-04
5.770997187788800e-04
0.000000000000000e+00
0.000000000000000e+00
2.869994799411447e-04
2.836073810494500e-04
2.890887223220868e-04
8.983669190914398e-04
9.091537991342355e-04
0.000000000000000e+00
0.000000000000000e+00
2.812772469921998e-04
5.722798648955370e-04
2.894244248711909e-04
2.859492601164425e-04
8.822001376651968e-04
9.003212195714580e-04
0.000000000000000e+00
0.000000000000000e+00
2.805557033632966e-04
2.815693951301761e-04
2.848805001473477e-04
1.782893215199924e-03
5.704544048377576e-04
1.789194538637820e-03
0.000000000000000e+00
0.000000000000000e+00
5.762052123717581e-04
5.728660827556522e-04
5.643244570752733e-04
1.800829290754330e-03
1.814408317889560e-03
0.000000000000000e+00
0.000000000000000e+00
5.799843847611321e-04
5.786120549014674e-04
5.819979535414594e-04
5.746015246768358e-04
1.800063189270232e-03
1.766179222276196e-03
0.000000000000000e+00
0.000000000000000e+00
5.543509638539631e-04
5.858687064769820e-04
5.805964048272829e-04
5.677861370682629e-04
1.791913239012221e-03
1.773999737582045e-03
0.000000000000000e+00
0.000000000000000e+00
5.618852663822636e-04
5.742666751674301e-04
5.675086208059557e-04
1.807125495954035e-03
1.789493273140204e-03
0.000000000000000e+00
5.541543651415745e-04
0.000000000000000e+00
5.803512861147851e-04
5.761598082113894e-04
5.660349947269459e-04
1.805093860690832e-03
1.822033496083838e-03
0.000000000000000e+00
0.000000000000000e+00
5.686525021447023e-04
5.562820930819629e-04
5.758856816594626e-04
5.713604362601736e-04
1.813451135513018e-03
1.794955798152967e-03
0.000000000000000e+00
0.000000000000000e+00
5.573919605851559e-04
5.786540828205036e-04
5.846752096555659e-04
1.794868545660867e-03
1.793200044907596e-03
5.756930159090520e-04
0.000000000000000e+00
0.000000000000000e+00
5.914671072446543e-04
5.821383099996268e-04
5.662593531469939e-04
8.969865661689276e-04
9.044291624399659e-04
0.000000000000000e+00
0.000000000000000e+00
2.898982345474683e-04
2.798833284936416e-04
2.770702437662930e-04
2.847773003025701e-04
2.830489318763595e-04
9.085700595789283e-04
9.112736656403504e-04
0.000000000000000e+00
0.000000000000000e+00
2.884440420596931e-04
2.911337413291899e-04
2.907004532834285e-04
4.478224863382508e-04
2.854007308971081e-04
4.533544173546861e-04
0.000000000000000e+00
0.000000000000000e+00
1.417347054287984e-04
1.371495867444664e-04
1.420601883378315e-04
9.085434851474815e-04
9.039254020909090e-04
0.000000000000000e+00
0.000000000000000e+00
5.764156572653568e-04
2.898869923821797e-04
2.933635871008437e-04
2.801199706853468e-04
8.809437403902294e-04
8.996883853366659e-04
0.000000000000000e+00
0.000000000000000e+00
2.862125059225317e-04
2.897815207579949e-04
2.856736295208371e-04
5.758782916418649e-04
8.930382719248193e-04
9.091964421397908e-04
0.000000000000000e+00
0.000000000000000e+00
2.888755477014531e-04
2.933647813564215e-04
2.803782127401524e-04
8.951775877360581e-04
8.973147978861470e-04
0.000000000000000e+00
5.509308942395257e-04
0.000000000000000e+00
2.858966702190353e-04
2.833677824017373e-04
2.928982853731373e-04
8.917832529824171e-04
9.206795911431623e-04
0.000000000000000e+00
0.000000000000000e+00
2.807206340993022e-04
2.832074131832768e-04
5.551834946821542e-04
2.741348151874616e-04
8.838585007151049e-04
9.099731796820231e-04
0.000000000000000e+00
0.000000000000000e+00
2.820992338007501e-04
2.800298896931943e-04
2.771368706564218e-04
9.070315979931564e-04
9.124929781368503e-04
5.721382109190915e-04
0.000000000000000e+00
0.000000000000000e+00
2.955101245665821e-04
2.854110302290457e-04
2.857969431437668e-04
9.098286612880638e-04
9.156583211179761e-04
0.000000000000000e+00
0.000000000000000e+00
2.851705291551258e-04
5.709046302112153e-04
2.804329891129971e-04
2.836619800798311e-04
8.985898991789226e-04
9.204915991523623e-04
0.000000000000000e+00
0.000000000000000e+00
2.886906715503938e-04
2.953885506956689e-04
2.870998872033306e-04
4.449178704512626e-04
5.715606312083432e-04
4.472902322184256e-04
0.000000000000000e+00
0.000000000000000e+00
1.422866849692289e-04
1.455310912613498e-04
1.429960256407623e-04
8.836886156143243e-04
9.196237749290702e-04
0.000000000000000e+00
0.000000000000000e+00
5.832397997550451e-04
2.849608587317796e-04
2.816962892749977e-04
2.914290030620654e-04
8.908990324381847e-04
8.796103405685909e-04
0.000000000000000e+00
0.000000000000000e+00
2.798987819812307e-04
2.818102935410082e-04
2.859660964262796e-04
2.872439700980753e-04
2.778834824282520e-04
8.762354685891213e-04
8.936640573578929e-04
0.000000000000000e+00
0.000000000000000e+00
2.892240436011922e-04
2.770086902175286e-04
2.829548236388939e-04
8.985760036112038e-04
9.223396108859581e-04
0.000000000000000e+00
1.416132224739584e-04
0.000000000000000e+00
2.905911093079810e-04
2.806273340047089e-04
2.857064131833520e-04
9.060211185941936e-04
8.940848618411206e-04
0.000000000000000e+00
0.000000000000000e+00
2.875351125471440e-04
2.860710472472802e-04
2.899147027033304e-04
2.918736387806570e-04
2.875302569553870e-04
2.896452925629995e-04
2.784596074818302e-04
2.890077104888332e-04
2.914651248036106e-04
2.828658650673973e-04
2.930576421681662e-04
2.838773681139980e-04
1.414906092415179e-04
4.537398364043186e-04
4.587565291980707e-04
0.000000000000000e+00
0.000000000000000e+00
1.433450771387260e-04
1.421881061302913e-04
1.448910174133276e-04
4.390530519167279e-04
4.596236867034932e-04
2.877362031869971e-04
0.000000000000000e+00
0.000000000000000e+00
1.465007123035997e-04
1.398971849610724e-04
1.444753210665046e-04
9.034582281655485e-04
8.941466129359205e-04
0.000000000000000e+00
0.000000000000000e+00
2.809240863122152e-04
2.816699707554604e-04
2.863359632153053e-04
2.850648397813336e-04
1.768787404623144e-03
1.790038913248771e-03
0.000000000000000e+00
0.000000000000000e+00
5.620499658996142e-04
5.769739268511422e-04
5.862264039812573e-04
1.808776576738728e-03
2.937715263985143e-04
1.790269943337197e-03
0.000000000000000e+00
0.000000000000000e+00
5.861651153237676e-04
5.753325707190111e-04
5.880594381336221e-04
1.799424729463113e-03
1.804563808760333e-03
0.000000000000000e+00
0.000000000000000e+00
2.802905808698709e-04
5.634447935589038e-04
5.686200596980670e-04
5.816411180562478e-04
1.792396993335509e-03
1.822233224105014e-03
0.000000000000000e+00
0.000000000000000e+00
5.714267892796623e-04
5.579553484091321e-04
5.780796997637831e-04
2.935643657077546e-04
1.785032674681007e-03
1.808818555271255e-03
0.000000000000000e+00
0.000000000000000e+00
5.625160712805101e-04
5.655879211106899e-04
5.637365151770308e-04
1.777683585029963e-03
1.803364839015799e-03
0.000000000000000e+00
