0.000000000000000e+00
0.000000000000000e+00
0.000000000000000e+00
0.000000000000000e+00
0.000000000000000e+00
0.000000000000000e+00
0.000000000000000e+00
0.000000000000000e+00
0.000000000000000e+00
0.000000000000000e+00
0.000000000000000e+00
0.000000000000000e+00
0.000000000000000e+00
0.000000000000000e+00
0.000000000000000e+00
0.000000000000000e+00
0.000000000000000e+00
0.000000000000000e+00
0.000000000000000e+00
0.000000000000000e+00
0.000000000000000e+00
0.000000000000000e+00
0.000000000000000e+00
0.000000000000000e+00
0.000000000000000e+00
0.000000000000000e+00
0.000000000000000e+00
0.000000000000000e+00
0.000000000000000e+00
0.000000000000000e+00
0.000000000000000e+00
0.000000000000000e+00
0.000000000000000e+00
0.000000000000000e+00
0.000000000000000e+00
0.000000000000000e+00
0.000000000000000e+00
0.000000000000000e+00
0.000000000000000e+00
0.000000000000000e+00
0.000000000000000e+00
0.000000000000000e+00
0.000000000000000e+00
0.000000000000000e+00
0.000000000000000e+00
0.000000000000000e+00
0.000000000000000e+00
0.000000000000000e+00
0.000000000000000e+00
0.000000000000000e+00
0.000000000000000e+00
0.000000000000000e+00
0.000000000000000e+00
0.000000000000000e+00
0.000000000000000e+00
0.000000000000000e+00
0.000000000000000e+00
0.000000000000000e+00
0.000000000000000e+00
0.000000000000000e+00
0.000000000000000e+00
0.000000000000000e+00
0.000000000000000e+00
0.000000000000000e+00
0.000000000000000e+00
0.000000000000000e+00
0.000000000000000e+00
0.000000000000000e+00
0.000000000000000e+00
0.000000000000000e+00
0.000000000000000e+00
0.000000000000000e+00
0.000000000000000e+00
0.000000000000000e+00
0.000000000000000e+00
0.000000000000000e+00
0.000000000000000e+00
0.000000000000000e+00
0.000000000000000e+00
0.000000000000000e+00
0.000000000000000e+00
0.000000000000000e+00
0.000000000000000e+00
0.000000000000000e+00
0.000000000000000e+00
0.000000000000000e+00
0.000000000000000e+00
0.000000000000000e+00
0.000000000000000e+00
0.000000000000000e+00
0.000000000000000e+00
0.000000000000000e+00
0.000000000000000e+00
0.000000000000000e+00
0.000000000000000e+00
0.000000000000000e+00
0.000000000000000e+00
0.000000000000000e+00
0.000000000000000e+00
0.000000000000000e+00
4.715099533898407e-03
1.874125233895976e-02
1.865140587794254e-02
1.890667915984575e-02
1.891470505046021e-02
1.895863954926360e-02
1.871422055918538e-02
1.896379997130125e-02
1.873716364729532e-02
9.456238086804422e-03
9.288377712740154e-03
1.876083518973413e-02
1.866671308859640e-02
1.885015948437401e-02
4.721191072061061e-03
1.882632194459920e-02
1.883617541753431e-02
1.874324753024102e-02
1.877375558432371e-02
1.875872879635398e-02
9.443641628763731e-03
9.397845703522647e-03
1.867136584887831e-02
1.888922687682084e-02
1.904947232454910e-02
1.894297294631918e-02
1.881906479892913e-02
1.879523854052668e-02
4.635866023919124e-03
1.875709138573867e-02
1.884667676356721e-02
9.373180594504761e-03
4.696464721307566e-03
9.501186297494661e-03
9.526872370710187e-03
9.465196302262351e-03
9.434835711832519e-03
9.401226891978295e-03
9.424962093589647e-03
9.455939130437156e-03
9.380050144453388e-03
9.465375998407636e-03
1.872225934279682e-02
1.886935232199000e-02
1.879387994097086e-02
1.893755949921598e-02
9.423004775486981e-03
9.430132991187338e-03
1.883540506096529e-02
9.386548214926784e-03
1.873142948689246e-02
1.868754494845233e-02
1.891010225054155e-02
1.892057781058051e-02
9.413775807092659e-03
1.874967952410495e-02
1.870039926643244e-02
1.884025766270027e-02
1.878128831780403e-02
9.446281469893545e-03
9.483011200827065e-03
1.874304930041260e-02
9.388001900335268e-03
1.871650423127388e-02
1.879801698137394e-02
1.894518893017358e-02
1.885926999835866e-02
9.394142995955030e-03
1.879873737757970e-02
1.886904772493656e-02
1.867380584855508e-02
1.891948996396108e-02
9.329396782603470e-03
9.407102069535531e-03
1.877649212293082e-02
9.461541943433379e-03
1.875574567917981e-02
1.869648624185173e-02
1.887600027355319e-02
1.893815418870126e-02
9.339135024378149e-03
1.881112110117037e-02
1.873381952620596e-02
1.869583192225546e-02
1.886315562532081e-02
9.440294284425124e-03
9.402328437407011e-03
1.874980361920079e-02
9.373336116280726e-03
1.870889736306097e-02
1.878845521249531e-02
1.881573679408599e-02
1.857522277046537e-02
9.349337414043785e-03
1.898087674578938e-02
1.885344236372776e-02
1.879023444607731e-02
1.871613678086020e-02
9.455726395987135e-03
9.494171701330113e-03
7.160791791152640e-02
1.654121903562212e-04
1.169341188390095e-04
1.175116470402438e-04
1.317311495736547e-04
1.483083707924203e-04
1.640021573115062e-04
4.065519524177251e-04
8.934573932000520e-04
9.389947534159428e-04
5.001741477432112e-04
3.297250764492196e-04
3.204431762587389e-04
2.987017557571139e-04
2.930010617467786e-04
2.996733135874579e-04
2.725062832530591e-04
4.634376681315893e-04
8.341222598780400e-04
1.203608910898112e-03
1.153634143740335e-03
1.183748659235791e-03
1.135917352824446e-03
1.164066089187977e-03
1.150478985637831e-03
1.151396705133168e-03
1.219048476223994e-03
1.180506977036428e-03
1.110707917590693e-03
1.266019477267139e-03
2.425998889321456e-03
2.379511174211647e-03
2.395594180667612e-03
2.305517458782620e-03
2.350474936314430e-03
2.406997633582330e-03
2.328833839445486e-03
2.401306382685010e-03
1.202610811624785e-03
1.532554917932704e-04
1.675490157419084e-04
1.569727669365660e-04
1.444823991229032e-04
1.441954040321242e-04
1.237430817745242e-04
1.420305892594580e-04
1.307985351413882e-04
1.242079977053397e-04
1.307909806509755e-04
1.131796000579792e-04
1.450684135350344e-04
1.140281833752216e-04
1.424165985379128e-04
1.083969151317791e-04
1.753563297670974e-04
1.728349304561339e-04
1.878491905625965e-04
3.861955470067317e-04
3.843344227486564e-04
3.801412776634468e-04
8.319833821891241e-04
7.945087785009108e-04
8.129463181654414e-04
8.265108086076181e-04
8.472613821467117e-04
8.577892192593259e-04
4.941448585815576e-04
5.256875756711719e-04
4.896454040917475e-04
4.164182931681679e-04
3.241962219141387e-04
3.068353985864973e-04
2.817578899369847e-04
3.343057165293317e-04
2.793026050079497e-04
2.473060141343399e-04
2.846912733826054e-04
2.913493479629436e-04
2.660417043538252e-04
2.451988653051574e-04
2.815265210772781e-04
2.573408955658901e-04
2.634151087638645e-04
2.909953445422040e-04
2.795110082168017e-04
3.340547059945521e-04
3.229464070202598e-04
2.883725261974498e-04
4.980069155336128e-04
4.970425596507957e-04
4.717845742253235e-04
9.257145636296307e-04
1.011761619601946e-03
8.070466640592698e-04
1.085561738623329e-03
1.206282797598057e-03
1.109016618277096e-03
1.265114348589157e-03
1.290272816194259e-03
1.273368686993701e-03
1.090121125403747e-03
1.210260387890157e-03
1.141780543923559e-03
1.252228704655467e-03
1.176469958086414e-03
1.103990263262633e-03
1.142723344327065e-03
1.145639981985605e-03
4.375776905467630e-04
1.077054778059384e-03
1.134057336558299e-03
1.037570176288696e-03
1.142891658373460e-03
1.146577443882553e-03
1.227637226737473e-03
1.166320349127130e-03
1.186618459053772e-03
1.210393649101037e-03
1.148071218453493e-03
1.158266053628715e-03
1.246900371477574e-03
1.310386495828292e-03
1.193807412857046e-03
1.025813072496125e-03
1.178485193948909e-03
1.275625162916708e-03
1.247517825160640e-03
1.252751576118565e-03
2.518271852659233e-03
2.413773104943681e-03
2.469440633896861e-03
2.398554332190929e-03
2.482250632199885e-03
2.458985622071825e-03
2.362785330984829e-03
2.415091010977813e-03
2.345319147697564e-03
2.480637597406964e-03
2.371698219500283e-03
2.448747978117598e-03
2.436137015455313e-03
2.371941776271189e-03
2.448190960357833e-03
2.337023914318253e-03
2.384796497157456e-03
2.314944052646139e-03
8.549533642849337e-04
2.407813115640747e-03
2.466253646208086e-03
2.414782586315896e-03
2.384766077742728e-03
2.365726545918844e-03
2.368738269430043e-03
1.249181021769902e-03
1.325586936350976e-03
1.277251392886218e-03
4.440691130685966e-04
4.176346920327877e-04
4.117251667258104e-04
4.047561493200850e-04
4.052762759850002e-04
4.063244615297638e-04
8.037244509921066e-04
7.923423017403539e-04
8.688945216190878e-04
3.891537595441756e-04
3.707897502529957e-04
4.372250469342975e-04
1.706956624518799e-04
1.666376294277017e-04
1.586663200064700e-04
1.463498817437425e-04
1.368868122823477e-04
1.474088828006135e-04
1.215783425467620e-04
1.402390418580837e-04
1.365039507082315e-04
1.217831196002159e-04
1.363539688919045e-04
1.638643759971958e-04
1.369539465204820e-04
1.430984920241987e-04
1.450658072358420e-04
1.881972259359101e-04
1.718984254613049e-04
1.920110096942281e-04
3.650208895575030e-04
4.028782540932934e-04
4.398765219793505e-04
9.287154086746370e-04
8.404060346400632e-04
3.812102380568453e-04
8.878565947346075e-04
1.659055867158927e-04
8.990709839359286e-04
1.753822164875784e-04
9.571834481662781e-04
1.847177661508066e-04
8.799032272281058e-04
1.940234252136353e-04
5.552157619840634e-04
6.746977334412983e-04
6.447792317904168e-04
3.803762978601863e-04
3.696562996931074e-04
3.703246706415544e-04
3.705557876849140e-04
3.837548674258280e-04
3.794243565232806e-04
3.789109029915634e-04
3.932750614255603e-04
3.738887029468283e-04
5.977263904344670e-05
3.373445606611139e-04
5.593012303992572e-05
3.700859487445129e-04
6.187502854366929e-05
3.806575767198862e-04
6.155225034996887e-05
3.882418066431878e-04
3.656480633515662e-04
3.223611102847178e-04
4.076520121299894e-04
4.190265565280601e-04
4.205703418255322e-04
5.556147901676627e-04
5.662137402166952e-04
6.335371931541849e-04
9.099270888386102e-04
8.511201151229852e-04
1.680506087236777e-04
9.747448180327425e-04
5.559125378164623e-05
1.582828112643419e-03
5.085665318692301e-05
1.588761006507406e-03
5.066930812009645e-05
1.707031590245328e-03
3.897493807499484e-05
2.643546456275125e-03
2.610067976562159e-03
2.666543735262959e-03
2.517653593163856e-03
2.517924346100247e-03
2.671429375302667e-03
2.533901992596591e-03
2.661495119683414e-03
2.573855980038256e-03
2.507159499441752e-03
2.563011962320235e-03
2.555541880747069e-03
4.074732854776419e-05
2.498922486001888e-03
4.105195078283938e-05
2.547096564824892e-03
5.035508853449280e-05
2.553230005227702e-03
4.039673723852767e-05
2.409853029505256e-03
2.570917988353484e-03
2.471399966530302e-03
2.732197091823276e-03
2.672026280771810e-03
2.669584870923500e-03
2.676585566825689e-03
2.768044659729669e-03
2.716022021310814e-03
1.751105696031546e-03
1.599357136213351e-03
1.495616733427062e-04
1.655786258526671e-03
4.076675303123787e-05
2.777504291897926e-03
4.207593992435190e-05
2.716759943934327e-03
4.170527570454792e-05
2.643966888848227e-03
4.130293613598432e-05
5.306927176765551e-03
5.347744390645041e-03
5.609326377128629e-03
5.647975150080054e-03
5.585686261369942e-03
5.424439188939499e-03
5.571170761311343e-03
5.447291623164487e-03
5.516014117363142e-03
5.259441463108954e-03
5.249507006036624e-03
5.648351061522991e-03
5.100921297310334e-05
5.275595179595183e-03
4.150700180825767e-05
5.279857120906417e-03
4.053400547703095e-05
5.402856714916159e-03
4.799107758816504e-05
5.394139840245278e-03
5.382343956735256e-03
5.067971997059961e-03
5.475638085723753e-03
5.207302586264282e-03
5.178340080193493e-03
5.647739047073023e-03
5.534046182345586e-03
5.381482140468973e-03
2.767352064048632e-03
2.870566548394022e-03
1.278137182068743e-04
2.750144747966177e-03
5.639338327825915e-05
1.731165870403544e-03
5.219893189574904e-05
1.669906709099954e-03
6.102633190907070e-05
1.689903143042782e-03
5.869161664702257e-05
2.371127502931237e-03
2.482679727255327e-03
2.437759921449041e-03
2.331478515449168e-03
2.160436190023066e-03
2.395405217680756e-03
2.306918766390908e-03
2.337954627537099e-03
2.129402746313807e-03
2.266076370876709e-03
2.322724976318152e-03
2.118485601128592e-03
1.800289835404365e-04
2.300810306169730e-03
1.881744491473158e-04
2.205299588967604e-03
1.494026387287014e-04
2.052026633710663e-03
1.732966105468893e-04
2.406305239354370e-03
2.359967203881271e-03
2.257853459152282e-03
2.264479049423845e-03
2.178593961725979e-03
2.295674864313708e-03
2.568874045427421e-03
2.340955472582105e-03
2.413927418001178e-03
1.816405905346703e-03
1.825650587081085e-03
1.536816154158167e-04
1.630427546562363e-03
8.671918402066018e-04
8.807746125155774e-04
8.054261251392045e-04
3.903121147407911e-04
3.839551117850344e-04
4.137038892179769e-04
1.359386104181963e-04
1.801608849430424e-04
4.187727004685584e-04
8.793301939486672e-04
9.678279266108647e-04
5.975105334617411e-04
4.066540891281050e-04
3.448790820374999e-04
3.704989779170105e-04
4.139284086730425e-04
3.778620627242974e-04
3.962136826512004e-04
5.970336940268908e-04
9.140948508360328e-04
1.702408040659672e-03
2.611383666612435e-03
2.416442559675916e-03
2.393359058770839e-03
2.559084836024092e-03
2.561124346982446e-03
2.537855307792832e-03
2.485227302875571e-03
2.640668296154422e-03
1.722164946893147e-03
2.834963141617768e-03
5.300211939874424e-03
5.556293048619091e-03
5.497543690483680e-03
5.466077525563582e-03
5.751652573597936e-03
5.293026914406165e-03
5.587666142217305e-03
5.451737692588714e-03
2.822592512477146e-03
1.679798961752512e-03
2.449023163021698e-03
2.162602213514199e-03
2.380704380790699e-03
2.189556635306750e-03
2.325147449577161e-03
2.385602510921223e-03
2.236563897903875e-03
2.408725295176447e-03
1.630074197864125e-03
8.655049728607130e-04
3.819610284956952e-04
2.235604175441845e-03
2.244996723735237e-03
8.625103930064222e-03
8.629153942737746e-03
8.767692418440659e-03
8.538778868844724e-03
8.449927586031209e-03
8.962311401905985e-03
8.979170607070220e-03
9.073424055614593e-03
8.736744390836337e-03
8.604264817897493e-03
4.538993282458856e-03
8.663467848363821e-03
8.728855488314688e-03
8.762041256705801e-03
8.198801014278815e-03
8.827477245395308e-03
8.968301004811337e-03
8.759898601771676e-03
8.788243855612476e-03
4.682931909361853e-03
4.457266992096458e-03
9.121178104770649e-03
4.342122053585159e-03
4.280432286328044e-03
4.365130815398422e-03
4.384421559210162e-03
4.643716650356012e-03
4.129881969415844e-03
4.380945687808005e-03
4.647898413342334e-03
4.329590060529322e-03
4.479924016836102e-03
8.700154065432562e-03
4.405155915776505e-03
4.478553330095621e-03
4.463808576434632e-03
4.202166556933899e-03
4.445270058414917e-03
4.397773466292125e-03
4.025798013587221e-03
4.219379916608685e-03
4.328697623395233e-03
8.701445782566599e-03
8.835603056736294e-03
9.260966395367441e-03
8.475253461143858e-03
8.817950126446029e-03
8.769121929479824e-03
8.760349856665663e-03
9.101480828648166e-03
8.555061112394504e-03
8.381239338855758e-03
8.939623756298531e-03
9.053455220743405e-03
8.717818277095181e-03
9.037586358909005e-03
8.609705662619265e-03
8.810919414035267e-03
8.723756308012648e-03
9.046746833256918e-03
8.732476808838924e-03
8.700312004645459e-03
8.758720504173449e-03
8.457515920560970e-03
9.038568644115735e-03
9.004330484846865e-03
8.872093461413542e-03
8.942147560455608e-03
9.083272693675832e-03
9.109894314984070e-03
9.038013439433668e-03
8.638589199083604e-03
8.676044966909057e-03
8.447615710511844e-03
8.853672591991190e-03
8.571241017780833e-03
8.579869656003691e-03
9.233184404331811e-03
8.736075566618463e-03
9.186868730150335e-03
8.456373278704412e-03
8.909457366635575e-03
9.103223800676186e-03
8.924500270851517e-03
8.952806039889096e-03
8.869576909567257e-03
9.189346603005705e-03
8.753360240682745e-03
8.711262993947725e-03
8.764257240560193e-03
9.027938368113124e-03
8.849782130155179e-03
8.776733632566593e-03
8.383533486504292e-03
8.927478553151822e-03
8.712067194633790e-03
8.647089713149066e-03
9.109637260856960e-03
9.123134617061003e-03
8.543053703152928e-03
9.027374299495641e-03
8.763727821872069e-03
8.721201882987766e-03
8.755311918099234e-03
4.378591910048482e-03
4.365526066336813e-03
4.548619516322350e-03
4.377451282722701e-03
4.426848786086411e-03
4.248528162417087e-03
4.478105298450877e-03
4.424866890708270e-03
4.512575531665224e-03
4.421254837025606e-03
4.300176299564549e-03
4.356543273603407e-03
4.411430373333685e-03
4.658680987871666e-03
4.564858246007356e-03
4.438676902088861e-03
2.182445946024151e-03
4.451789080008393e-03
2.185197795065154e-03
2.102271247265983e-03
2.120674590270578e-03
2.140665584980308e-03
2.140907731579671e-03
2.179969684793402e-03
4.166216449410971e-03
4.477678217926211e-03
4.526265074105367e-03
4.552538584495385e-03
8.666422762107119e-03
4.249870242820540e-03
4.221545537193660e-03
4.294840613349321e-03
4.412257539670607e-03
4.365816964580972e-03
4.415006568368522e-03
4.412023451194351e-03
4.193752264785685e-03
4.524795675356826e-03
4.494117594876581e-03
8.768517570246808e-03
4.305639304124866e-03
4.087012754487185e-03
4.261818021951126e-03
4.477668951084639e-03
4.255843326573522e-03
4.562078999347789e-03
4.417060986854624e-03
4.375053185286091e-03
4.241146921651174e-03
4.372517293944353e-03
8.635982396258526e-03
4.325040444223173e-03
4.368491455640149e-03
4.203327329567447e-03
4.309251760713686e-03
4.417719335512458e-03
4.409166846552959e-03
4.228798250896019e-03
4.305715453388226e-03
4.356898636832421e-03
4.371483436749739e-03
8.732811220947864e-03
4.359500201877481e-03
4.358344667023954e-03
4.487941849327460e-03
4.549490196524049e-03
4.208988966862348e-03
4.384960244739858e-03
4.508029944420629e-03
4.513147658405814e-03
4.520504321896251e-03
4.463965709835217e-03
8.483403446854167e-03
4.443162053410155e-03
4.380553660118855e-03
4.258749891578179e-03
4.395919292165230e-03
4.389916796262908e-03
4.246011207664648e-03
4.430975753835604e-03
4.348727700002034e-03
4.461778332317850e-03
4.350753109244950e-03
8.528391142347628e-03
4.186991096592848e-03
4.395094140359084e-03
4.483956301638791e-03
4.446728981603421e-03
4.252380348168334e-03
4.435918606549371e-03
4.456017580108735e-03
4.376524195659254e-03
4.408642665644856e-03
2.146256713698026e-03
8.966329182087078e-03
2.129439813680099e-03
2.169434293190377e-03
2.247994345531000e-03
2.346556673953705e-03
2.171182905904572e-03
2.168203414885799e-03
4.159109990643005e-03
4.352259978265940e-03
4.209472857154918e-03
4.373015285952357e-03
8.570606843492319e-03
4.403635750852389e-03
4.581986995389519e-03
4.579785113250559e-03
4.359453464763460e-03
4.254543954222536e-03
4.469178509673064e-03
4.547095322336679e-03
4.771159493446892e-03
4.299218994539450e-03
4.437229260272706e-03
4.218095048879292e-03
4.203399046863098e-03
4.511591634833874e-03
4.505955783532915e-03
4.257439640760998e-03
4.306285565598039e-03
4.467379936595605e-03
4.308819845315157e-03
4.533880403347535e-03
4.452014707455386e-03
4.473934011024595e-03
4.351032323210604e-03
2.139125677654583e-03
4.543665382236232e-03
4.437844095065763e-03
4.533874359755204e-03
4.421591666571474e-03
4.312130122287466e-03
4.330501434252712e-03
4.298770559988552e-03
4.399645368289858e-03
4.473494843315269e-03
4.431670766953573e-03
4.560997196320690e-03
4.525109136345682e-03
4.321466666625266e-03
4.370965702340120e-03
4.322383278128674e-03
4.183299670397581e-03
4.184563587006897e-03
4.222333218727360e-03
4.241706961207102e-03
4.268954698680744e-03
2.086997679276104e-03
2.220849953486205e-03
2.265253032148262e-03
2.216297113930811e-03
2.035105783904657e-03
2.226123189247354e-03
2.129142468937455e-03
2.148447717370789e-03
2.209178366525106e-03
2.113141856790257e-03
4.305985803418462e-03
2.158132171173729e-03
2.199157687535532e-03
2.124702443105558e-03
2.194940871713696e-03
2.190605601482188e-03
4.409198273233075e-03
4.439158374944496e-03
4.371436296729562e-03
4.319601614032177e-03
4.399480176766164e-03
4.198161669749774e-03
4.519742023450340e-03
4.189970184705465e-03
8.891817329342279e-03
8.817070985215066e-03
8.803929798052350e-03
9.062892088713886e-03
8.542587943637350e-03
8.723084260545534e-03
8.359912710241063e-03
8.736829001128958e-03
4.466396039764254e-03
8.949971192180091e-03
8.899356509321086e-03
8.553536515502683e-03
8.698962269025055e-03
8.967755469876998e-03
8.490723445884467e-03
8.793246338437232e-03
8.876348150413977e-03
8.933269926228749e-03
9.182305415034904e-03
4.330756473849045e-03
8.561759024320954e-03
8.716850496510041e-03
8.591921384922360e-03
8.701084778651410e-03
8.633035540638335e-03
8.529806148765201e-03
8.571068573946346e-03
9.061289328027924e-03
8.680144939945846e-03
9.025803771302110e-03
4.342609972939282e-03
8.993623656674738e-03
8.481573447096593e-03
8.747024944296109e-03
8.780902905462096e-03
9.086706259931680e-03
8.636598842676205e-03
9.017793996933860e-03
8.803366535247180e-03
8.498776734117492e-03
8.759907465707093e-03
