7.522566500483662e-03
7.601218616400727e-03
7.245882787174197e-03
7.173100208092365e-03
7.293342714547180e-03
7.452414898580175e-03
3.830120169368456e-03
3.611684598581634e-03
7.635648558789399e-03
7.848150127756531e-03
7.366492744040443e-03
7.507130359954317e-03
7.323314097448021e-03
7.535911558079537e-03
7.645642243005569e-03
7.603731944982431e-03
3.621523969741248e-03
3.794483120145743e-03
7.517709869716784e-03
7.573452741780784e-03
7.481789980374743e-03
7.102043678969497e-03
7.376542835118015e-03
7.468515834261781e-03
7.577182041131890e-03
7.528997688496020e-03
3.692013207000856e-03
1.829715093208506e-03
3.684884991344008e-03
3.784489033023420e-03
3.694349659781438e-03
3.758515687877662e-03
3.639510103312205e-03
3.665168375846406e-03
3.710424406563107e-03
3.807264914939879e-03
1.892675223189144e-03
1.917614711146598e-03
1.871455767741282e-03
3.783260975069424e-03
7.559178582596360e-03
7.693845129324473e-03
7.754751646643853e-03
7.437530739480279e-03
7.131070649847972e-03
7.711985575951989e-03
7.538415216913563e-03
7.460882374289211e-03
3.765282496715372e-03
3.655484929367959e-03
3.812968454440126e-03
6.975382877499215e-03
7.641448795766336e-03
7.442903090122854e-03
7.134979645343265e-03
3.798662868575776e-03
7.368599943220035e-03
7.230391851408058e-03
7.343480356212241e-03
7.381170615190060e-03
3.692179204335843e-03
3.744456680578879e-03
3.884207500050252e-03
7.713781731581549e-03
7.735794912150594e-03
7.260273789142958e-03
7.275733298229174e-03
3.896400648955023e-03
7.287654485480744e-03
7.583263506603543e-03
7.509793569624891e-03
7.481063137674937e-03
3.845679599180585e-03
3.618607332100510e-03
3.672710376122269e-03
7.603563530210525e-03
7.316957044167793e-03
7.583699451060968e-03
7.807168125509632e-03
3.892980378623178e-03
7.775216055961211e-03
7.434432391164593e-03
7.382650892395761e-03
7.533653671998766e-03
3.622153309152055e-03
3.683319298033893e-03
3.592849138840394e-03
7.322141640543122e-03
7.422540213156027e-03
7.434531506078203e-03
7.293694048712497e-03
3.562396283086855e-03
7.671938315979787e-03
7.446950685334741e-03
7.358546628893238e-03
7.520648667195926e-03
3.681135949591409e-03
3.813785145212023e-03
7.260867672812311e-03
7.465059705282329e-03
1.775248829289922e-03
7.429257464536931e-03
7.452685651514913e-03
7.602053437949509e-03
7.758384248518271e-03
7.720100911683403e-03
7.326845166971908e-03
7.480326625227464e-03
7.721739128101037e-03
3.667217153633828e-03
3.839192407212979e-03
7.285616586159450e-03
7.398009674943753e-03
7.394493915853672e-03
1.795063149529596e-03
7.558650775536081e-03
7.627518718436478e-03
7.723835851720653e-03
7.506449448555941e-03
7.520878323703075e-03
3.768282133023604e-03
3.665815443127941e-03
7.439475164574104e-03
7.319357559026686e-03
7.662876150789090e-03
7.396179675197347e-03
7.251336524859652e-03
7.392107099803979e-03
1.818913179249648e-03
7.190859505499248e-03
7.516364163166147e-03
3.754012405806862e-03
1.883575990632381e-03
3.783890717386384e-03
3.844203351036412e-03
3.748230299606804e-03
3.721565164596540e-03
3.595542969378585e-03
3.812594557530248e-03
3.668045125778007e-03
3.893143958521251e-03
3.889717241690961e-03
7.861956915803606e-03
7.560904632555322e-03
7.650318371815958e-03
7.480929372832181e-03
3.513710312290641e-03
3.824164813522658e-03
7.522294135924313e-03
3.725067627783574e-03
7.536356366472319e-03
7.291185555004632e-03
7.414139619868365e-03
7.298577271285469e-03
3.798799050855450e-03
7.343394134295525e-03
7.418358047289075e-03
7.651402995179524e-03
7.303290467461921e-03
3.817271895059094e-03
3.677884899843776e-03
7.735897250313430e-03
3.631290414887190e-03
7.026194178251900e-03
7.346440104811337e-03
7.163830949139083e-03
7.467464249202749e-03
3.927889779333783e-03
7.705717162025396e-03
7.335898468227241e-03
7.580060402688105e-03
7.391974140773526e-03
3.775911966840796e-03
3.748782281036257e-03
7.070040843245807e-03
3.679646808450344e-03
7.373550854026690e-03
7.331518072533072e-03
7.350139589107130e-03
7.157189444114920e-03
3.870080401611631e-03
7.469423984730384e-03
7.502729013140199e-03
7.474154102965260e-03
6.946328509002344e-03
3.844004315396888e-03
3.735736985618133e-03
7.332572075029022e-03
3.701386415741582e-03
7.368296957793063e-03
7.368129348833463e-03
7.524342510805581e-03
7.582485091916168e-03
3.724168744156487e-03
7.016804047452753e-03
7.819049022145919e-03
7.609595841131523e-03
7.388903995888541e-03
3.609387227697880e-03
3.685238340040087e-03
6.663274849415760e-02
1.139837622758933e-03
9.401837237419385e-04
9.743338478074295e-04
1.014233644127671e-03
9.519841398741848e-04
1.029556769481132e-03
1.130318561990862e-03
1.290922998123279e-03
1.125831194713101e-03
4.385912990301221e-04
2.493196368504869e-04
2.098067059819187e-04
1.849326902743087e-04
2.282936267192781e-04
1.911356697235078e-04
2.701259875834694e-04
4.046760692517636e-04
1.077162448154922e-03
1.073684763696292e-03
5.597332431079851e-04
4.452949019650988e-04
4.402002040251318e-04
4.571741366135031e-04
4.280339491060658e-04
4.836086582145072e-04
4.098651479580440e-04
6.661032878128027e-04
9.859457038601249e-04
8.510256284353092e-04
1.171364626316063e-03
1.095543933388399e-03
1.143917047556897e-03
1.126782556866601e-03
1.098307164511425e-03
1.014791769875955e-03
1.005147707473953e-03
1.256471399528891e-03
8.692821120348528e-04
1.136429338885137e-03
1.084810412748994e-03
1.023282211235710e-03
1.055531021165734e-03
1.150823060470430e-03
9.930624366916167e-04
1.073934666237619e-03
9.932950142683696e-04
9.482946275056748e-04
9.524014499220357e-04
1.020370912101498e-03
1.053680976838223e-03
1.015344758570791e-03
1.054693480000424e-03
9.516097393316161e-04
1.090816937676209e-03
1.119597128536043e-03
1.003827182557870e-03
1.275882108529913e-03
1.515283807520973e-03
1.203016832960202e-03
1.248039379561306e-03
1.285070584799542e-03
1.386543204489499e-03
1.108409935568489e-03
9.625433028759287e-04
1.034504960671257e-03
6.512998610332944e-04
5.655549852008337e-04
3.996485810944251e-04
8.088891489705931e-04
3.065866273459506e-04
3.705646997218537e-04
2.730907725094767e-04
2.973992842498775e-04
2.892936434477634e-04
2.143109953181010e-04
2.255912344253375e-04
2.793428687368760e-04
2.131937113745153e-04
2.734918907663087e-04
2.899563485243561e-04
2.235393844784994e-04
2.750739773205169e-04
2.900691874287987e-04
2.275574919963219e-04
3.408102062394391e-04
3.309430849185447e-04
2.378642091116490e-04
5.679357072949643e-04
6.517477415854956e-04
4.071688496196658e-04
1.050666735181949e-03
1.107952737811502e-03
1.067392074673990e-03
1.170606155483256e-03
1.137025237085254e-03
1.053143197850659e-03
6.863175427724856e-04
8.500890730829271e-04
5.668042460911239e-04
5.477446698023415e-04
5.376365098754832e-04
4.275906012480847e-04
5.417957604549886e-04
4.725457617951179e-04
4.668357757964259e-04
4.757515349638199e-04
4.912055544536998e-04
8.727860861199590e-04
4.015546797404568e-04
4.718210343526153e-04
4.761449728221124e-04
3.933286959068028e-04
5.649157745892808e-04
4.449153140058116e-04
4.486264825800390e-04
5.186524784903669e-04
5.739827242905450e-04
4.460631432721130e-04
8.046072638308034e-04
7.989119839066917e-04
6.309532010391196e-04
1.140665695629650e-03
1.164182219781651e-03
1.139042084560061e-03
8.098407629404392e-04
8.007059235524139e-04
8.472290437566702e-04
1.087508775981405e-03
1.134337953772047e-03
1.133083304011962e-03
9.594183627541497e-04
1.016985795331494e-03
1.088392651354298e-03
1.042513324819084e-03
1.002465259034580e-03
1.072339258598732e-03
9.760011741946073e-04
9.416041693839361e-04
1.007696491797105e-03
1.027861138936714e-03
9.492664371464342e-04
9.493680702234997e-04
9.752320263487492e-04
9.976994836051747e-04
9.900883849240929e-04
1.117995475851785e-03
1.048190071060162e-03
1.160135631835147e-03
1.016579061570156e-03
1.143727580938503e-03
1.084845566310833e-03
1.037001568647611e-03
7.764008616959471e-04
7.638899709263569e-04
8.749495914344154e-04
8.170702591314696e-04
8.230555811223895e-04
8.386950885324042e-04
8.491222997690785e-04
8.051942477322883e-04
8.705742320671560e-04
1.085966954860851e-03
1.044036310076990e-03
9.701975125153695e-04
7.872393897514485e-04
8.446824754173576e-04
5.741592979120470e-04
5.572595000558068e-04
5.380941105386229e-04
4.739861512916833e-04
5.279125209654013e-04
4.659971266391950e-04
3.849025684417029e-04
5.088055024771169e-04
5.038801762111691e-04
4.376708095605864e-04
4.882076808598868e-04
5.358889548006119e-04
4.676025062053670e-04
4.809273681303239e-04
5.550807850340789e-04
5.414558587517604e-04
5.454001085354322e-04
5.144777160239755e-04
4.612284301401813e-04
7.871043658269630e-04
8.909729676815914e-04
6.245311791417408e-04
1.114063615432315e-03
1.126740553900163e-03
5.742893358728909e-04
1.111026508851864e-03
1.093194285431309e-03
1.108810021378304e-03
1.192562526284746e-03
1.017216862010173e-03
1.072520969273683e-03
1.041945730776206e-03
1.239641908796330e-03
6.065298358635121e-04
6.450739033425636e-04
4.373426424990612e-04
3.414409306401467e-04
3.284483907464165e-04
2.364510913253071e-04
2.751827116185269e-04
2.989938357131905e-04
2.128290813061540e-04
2.462466464407954e-04
2.491208530273071e-04
2.731901140577974e-04
1.041703483451784e-03
2.475400003731921e-04
9.755810438036865e-04
2.615721136862704e-04
1.034642855302082e-03
2.399350460109418e-04
1.018785174210280e-03
2.610261758491107e-04
2.931272199475643e-04
2.323889159470127e-04
3.291649845209577e-04
3.634226845292688e-04
2.634276727917496e-04
6.500798612023574e-04
5.517957400797969e-04
3.896244271004435e-04
1.227090374868567e-03
1.050585045959451e-03
4.128835194023850e-04
1.060850490375742e-03
1.055660253314272e-03
1.265849745323067e-03
9.418503450433491e-04
1.404512214548959e-03
1.089099751652612e-03
1.272672558116028e-03
1.094300766453671e-03
1.426337439397685e-03
1.313358222887473e-03
1.064258472069924e-03
9.965442509383138e-04
1.028386226380463e-03
9.720277137148517e-04
1.060421395322919e-03
1.026535678420260e-03
1.115355735464618e-03
9.930070370955948e-04
1.063661264424809e-03
9.972231478059259e-04
8.920052132452837e-04
1.023711608468148e-03
1.008532219884728e-03
9.955209700365231e-04
1.041807231786152e-03
1.103664809079419e-03
1.056565885619420e-03
1.094119357958334e-03
9.692876496956160e-04
1.053221160191242e-03
1.105332336919673e-03
1.100462108070133e-03
1.030549429515304e-03
1.535986737280837e-03
1.471722299356770e-03
1.198801830241791e-03
1.387794429547285e-03
1.344592817304147e-03
5.193577657109928e-04
1.261552247569853e-03
1.011658973084195e-03
2.282542325701797e-03
1.078529911637816e-03
2.271123763875948e-03
1.083988685650184e-03
3.030872614999681e-03
1.047745665573530e-03
4.285334419364519e-03
4.332570330916497e-03
5.456761899040431e-03
4.209430526316284e-03
4.465504381187202e-03
5.282879690639676e-03
4.112756015274499e-03
4.015865949440924e-03
5.749472816205526e-03
4.304520810364920e-03
4.247449556714857e-03
5.800986785288842e-03
9.759457745985856e-04
4.122570809158788e-03
1.051344524057641e-03
4.075021436619864e-03
1.026587149681291e-03
5.595304000053149e-03
1.034377642326944e-03
4.359840630968393e-03
4.067754621246424e-03
5.639493941089313e-03
4.321634249208728e-03
4.405301740916912e-03
5.775015454673850e-03
4.574157695060421e-03
4.456266146007693e-03
5.854126480699052e-03
2.308983847797208e-03
2.388011270795688e-03
4.290759147806967e-04
3.122847628674208e-03
1.007375476319794e-03
2.245969124032854e-03
1.012255677096619e-03
2.458238417602843e-03
1.100053057598416e-03
3.074132044275757e-03
9.939634355760061e-04
4.485427284635080e-03
4.320957769778033e-03
5.413639659309411e-03
4.253914185937901e-03
4.133120503865941e-03
5.293615930895613e-03
4.214788372337353e-03
3.963003050557746e-03
5.712000932362572e-03
4.067970981850523e-03
4.183433409707506e-03
5.844457941748261e-03
1.029293067404069e-03
4.255927507983870e-03
1.123124974810707e-03
4.283272748580202e-03
1.101717966548677e-03
5.814905984152576e-03
1.264094383941483e-03
4.115694409847494e-03
3.944834400499531e-03
5.826152706504218e-03
3.940484222766829e-03
4.271090881047714e-03
5.659880589519162e-03
4.078170148204664e-03
4.280397610273212e-03
5.567051817706670e-03
2.311866842774179e-03
2.360813695304387e-03
4.165150636481486e-04
3.042594766611729e-03
1.267055139805962e-03
1.350630466731673e-03
1.166420262734391e-03
1.466991476036128e-03
1.315778278694779e-03
1.239069076973465e-03
4.110879429504167e-04
4.837914768813791e-04
6.060041440605346e-04
1.216385158386402e-03
1.017999708665229e-03
4.636302040808006e-04
2.351029925193871e-04
2.600504378733604e-04
2.174581960048272e-04
2.315172788485143e-04
2.312391728764852e-04
2.354556109480654e-04
4.495455618780399e-04
1.009047335401192e-03
1.320445745022880e-03
1.150188785459250e-03
1.041738737740161e-03
1.086276991145497e-03
9.423509559383096e-04
9.240315182523772e-04
9.413652460352755e-04
9.975857633435226e-04
1.114720251734980e-03
1.321883314176375e-03
3.150877406824293e-03
5.927020664785233e-03
5.771419920165500e-03
5.768403764705001e-03
5.393914179876448e-03
5.526307530089981e-03
5.614923112261750e-03
5.641363425638703e-03
5.566742788687407e-03
3.019942778337282e-03
3.171205835315050e-03
5.825122072565136e-03
5.840586819431337e-03
5.734880361160322e-03
5.430253897429795e-03
5.827689390571322e-03
5.713656070838626e-03
5.237132517322608e-03
5.951914221441258e-03
3.029546852303612e-03
1.288547765625481e-03
1.080972228010069e-03
2.869539724542847e-03
2.761378560535377e-03
8.873634120391216e-03
1.102311910653953e-02
1.127092008937325e-02
1.104371244582581e-02
8.584025177697187e-03
8.515233786965840e-03
8.957610238212513e-03
8.796749150860707e-03
1.109337143498124e-02
1.071920538379345e-02
5.352023221348645e-03
1.139986295129347e-02
8.917719305827632e-03
9.140876130913966e-03
8.626929848105647e-03
8.615843482402850e-03
1.145950998397893e-02
1.126623026175366e-02
1.112904716319463e-02
4.190909736280445e-03
4.608890622876062e-03
1.075107203723747e-02
4.143836598814232e-03
4.304410816985183e-03
5.695724329598307e-03
5.293258956044157e-03
5.690569548278291e-03
4.321263978454228e-03
4.383000482448552e-03
4.437530606992369e-03
4.325110926401977e-03
5.673715580996942e-03
1.086841281357920e-02
5.586616134678480e-03
5.768595145127620e-03
4.399372171064898e-03
4.363410782389111e-03
4.499532223235291e-03
4.423418818987558e-03
5.486837231728715e-03
5.597216595560894e-03
5.301817085637595e-03
8.612753998022528e-03
1.135905581031693e-02
9.240486619091829e-03
9.053584901266733e-03
8.612743522462551e-03
1.168765236980107e-02
1.112571674093488e-02
1.126526006373752e-02
8.591518426328552e-03
9.084887486096706e-03
8.773076802754078e-03
8.637884060590293e-03
1.101194651892001e-02
1.135405171589810e-02
1.106765312943025e-02
1.116238039503515e-02
8.691301358339844e-03
8.312613894304375e-03
8.778175177212690e-03
8.688168360095005e-03
1.090852292691125e-02
1.127608212300402e-02
1.120395064026525e-02
1.123126687161857e-02
8.595343617344044e-03
8.675986089656364e-03
8.713341130714982e-03
8.967226802269582e-03
1.087147248290421e-02
1.143235572089907e-02
1.100421313822153e-02
8.870260990079259e-03
8.835971259031794e-03
8.810928224193050e-03
1.110395013893140e-02
8.700643946212949e-03
1.146417321979243e-02
1.141202668804908e-02
1.122686471899215e-02
8.775237185545849e-03
9.025721523357790e-03
9.224327664924207e-03
8.674585587868936e-03
1.098995831853245e-02
1.131494242144982e-02
1.122913308063289e-02
1.108032049887697e-02
8.850579024510809e-03
8.577207199778062e-03
8.841183253025521e-03
8.712447484867882e-03
1.124443223307026e-02
1.086634912826412e-02
1.113333730791055e-02
8.870602654496910e-03
8.780084146565063e-03
1.141428537994216e-02
8.717303309822455e-03
8.748758193178221e-03
1.106096085823083e-02
1.120944144531677e-02
1.098692443520122e-02
4.442838895556634e-03
4.558916561109073e-03
4.227678951792770e-03
4.353045618699980e-03
5.454438339256741e-03
5.618833719381656e-03
5.705449275410502e-03
5.502946225533380e-03
5.499709680407252e-03
4.347052792581964e-03
4.500098709286250e-03
4.383337714898516e-03
4.276515206584009e-03
5.536663426937594e-03
5.868021505193611e-03
5.798066521492729e-03
2.066299571652052e-03
5.318804817761703e-03
2.202456468239688e-03
2.193987783812191e-03
2.240982153125515e-03
2.806914006669104e-03
2.804117636515003e-03
2.876653435578192e-03
4.193600746475569e-03
4.244719061716752e-03
4.378427900519456e-03
4.280156269487636e-03
1.089144292927813e-02
5.581165620242246e-03
5.649289395478263e-03
5.429115284641740e-03
4.364864467788721e-03
4.345311029283038e-03
4.138318396144314e-03
4.266360762812837e-03
5.651858728015215e-03
5.486709107572097e-03
5.783804046586739e-03
1.130950721744739e-02
4.034562406559417e-03
4.426458343004925e-03
4.383669306662342e-03
4.544913960671693e-03
5.771274873950462e-03
5.383592530051829e-03
5.818657443342091e-03
4.422363607773152e-03
4.319590306295142e-03
4.291452952202236e-03
1.113515119141084e-02
4.626536300747832e-03
5.505996225110722e-03
5.526139921130380e-03
5.481842001245242e-03
4.557250544166892e-03
4.371769876343023e-03
4.278309347682809e-03
4.414016601003824e-03
5.550874732762169e-03
5.725935038753961e-03
1.160759652884735e-02
5.810718983411789e-03
4.268802374099324e-03
4.384541598483340e-03
4.221447605232244e-03
4.174279381913948e-03
5.445729925668276e-03
5.640683722958784e-03
5.756399578785933e-03
4.454650089428471e-03
4.278292022718234e-03
1.121100310956536e-02
4.491611491175718e-03
4.209625532894279e-03
5.700199005332252e-03
5.515544698027953e-03
5.574903249907949e-03
4.365612664514630e-03
4.282635351046339e-03
4.503638642745501e-03
4.354178590801894e-03
5.633285560179503e-03
1.132440588116879e-02
5.364803001612019e-03
5.377077134653519e-03
4.463808146283554e-03
4.265322473656854e-03
4.460138477043075e-03
4.183843971077295e-03
5.563873693972710e-03
5.546231239350164e-03
5.571908851379704e-03
2.136914515631361e-03
1.085219745255017e-02
2.255311510452884e-03
2.108559189309745e-03
2.172567681100191e-03
2.701892287404917e-03
2.773967363282282e-03
2.781884469186481e-03
4.517588865383004e-03
4.379957735181962e-03
4.368604645605957e-03
4.369802082692333e-03
1.139130361298157e-02
5.666289214786958e-03
5.629677938486567e-03
5.707594750674618e-03
4.276397960893520e-03
4.356027124231333e-03
4.221367426907819e-03
4.316143041251054e-03
5.713580727388035e-03
5.431367530036369e-03
5.566583640757018e-03
5.631055877529434e-03
5.586874397522480e-03
4.378710337732628e-03
4.539471101452364e-03
4.402099845719932e-03
4.370841983472928e-03
5.668110350598000e-03
5.711225338018267e-03
5.604288404356340e-03
4.475447702134263e-03
4.431283144185728e-03
4.631347806025588e-03
2.863982842882251e-03
4.317311066188268e-03
5.819763823637915e-03
5.375254387217866e-03
5.636193333884877e-03
4.522901585914951e-03
4.594734515194432e-03
4.168194290286922e-03
4.415872386744013e-03
5.560918377341297e-03
5.793963728137897e-03
5.537605421523041e-03
5.317695214216656e-03
5.523535132851976e-03
5.461066951284011e-03
5.470886982948287e-03
5.694961225344743e-03
5.542035777580168e-03
5.517587029316929e-03
5.592199608145165e-03
5.514922208021745e-03
2.666873094767653e-03
2.238616288195772e-03
2.187527183650673e-03
2.113006064519141e-03
2.131867310254165e-03
2.803472382311157e-03
2.819305788307248e-03
2.738657473855711e-03
2.156680890038843e-03
2.098728883538570e-03
5.469178257953900e-03
2.144239953850046e-03
2.199956637014111e-03
2.710588210902643e-03
2.696090841709520e-03
2.697495372558479e-03
4.424523587658770e-03
4.429988203810353e-03
4.239376526129491e-03
4.447948954293679e-03
5.547864620893962e-03
5.554729335926823e-03
5.912574464673527e-03
5.615817966827310e-03
9.042500953000856e-03
8.772436181970988e-03
8.898179969037304e-03
8.831574747091510e-03
1.146425380102301e-02
1.099410905771947e-02
1.103966565642623e-02
8.860347887093667e-03
5.508163054400940e-03
8.887231397238795e-03
8.884546430635966e-03
9.005116902699232e-03
1.120443251602410e-02
1.074875210360915e-02
1.103953511483269e-02
8.907343666578528e-03
9.039319606017674e-03
8.573931572755104e-03
9.011963889861363e-03
5.557268853408461e-03
1.100483925438312e-02
1.104187358214404e-02
1.140659631892050e-02
8.773230712904478e-03
8.552148854505505e-03
8.397827739827337e-03
9.003089478937911e-03
1.104137478432677e-02
1.129324834255385e-02
1.113285543215170e-02
5.811004240968032e-03
8.675625085743377e-03
8.213762481318556e-03
9.082895518076842e-03
8.740563082028531e-03
1.129629914794350e-02
1.093732185290719e-02
1.116062211258395e-02
8.963446736743210e-03
8.720064022782028e-03
8.772890660111441e-03
