4.462110099083816e-04
4.385607454821638e-04
4.434020780896238e-04
4.375486183524420e-04
4.370262033631889e-04
4.349361752521948e-04
2.231232638941094e-04
2.245467133043633e-04
4.524086891284658e-04
4.621090504277466e-04
4.597948928667014e-04
4.566668478706978e-04
4.469726980474319e-04
4.449723984900326e-04
4.467785484536079e-04
4.594246534277128e-04
2.229224403869523e-04
2.253745389592628e-04
4.577345976793859e-04
4.606405448067600e-04
4.615421583968289e-04
4.742038852218872e-04
4.689154453179375e-04
4.720597272514245e-04
4.615735727066786e-04
4.740982946193148e-04
2.325914782924580e-04
1.148334146958992e-04
2.267452177614852e-04
2.305683543106340e-04
2.342867555417645e-04
2.263923388030757e-04
2.211419276340128e-04
2.258933947525558e-04
2.280778442579864e-04
2.210535224143939e-04
1.104800791701166e-04
1.118841247329527e-04
1.113377488683416e-04
2.214053474197896e-04
4.548596697697841e-04
4.558772339052552e-04
4.495385449757805e-04
4.536632838172257e-04
4.495295005099819e-04
4.647579519963567e-04
4.603566554351345e-04
4.498721508487809e-04
2.268641023145316e-04
2.301877571736573e-04
2.240133086942820e-04
4.565608509518407e-04
4.517846726197187e-04
4.532616121096566e-04
4.519495764204370e-04
2.235917914667595e-04
4.541059934695113e-04
4.461441069016321e-04
4.541483670948310e-04
4.556298883059640e-04
2.239616807104975e-04
2.294373089552456e-04
2.252323136682814e-04
4.448585872784368e-04
4.582355317817625e-04
4.571062620958817e-04
4.524576917702916e-04
2.287808387751037e-04
4.528990028864162e-04
4.547605420654577e-04
4.489878113128991e-04
4.522033198175753e-04
2.309405568633831e-04
2.276107017524490e-04
2.282983729825123e-04
4.604556237557252e-04
4.598051428123047e-04
4.493030588733405e-04
4.535684639634496e-04
2.200533659011702e-04
4.526524676748521e-04
4.537402841203667e-04
4.541785220486834e-04
4.502802966788029e-04
2.253146623059384e-04
2.287705529120387e-04
2.244721621231349e-04
4.459733732479283e-04
4.464499036799907e-04
4.630988324066719e-04
4.460688575747441e-04
2.248108660308409e-04
4.565697517477930e-04
4.623245754009039e-04
4.617222126318173e-04
4.564537024293713e-04
2.264312924125988e-04
2.243269130308553e-04
4.516156966767918e-04
4.512624394626148e-04
1.151596131536555e-04
4.575442822745875e-04
4.486941995333874e-04
4.517563898635520e-04
4.533133287646743e-04
4.472985255451553e-04
4.662478913625516e-04
4.435921488067151e-04
4.552634538730634e-04
2.219185585595084e-04
2.255364167138414e-04
4.592046432615385e-04
4.527618902216089e-04
4.556751936940865e-04
1.106408305755479e-04
4.626042871227771e-04
4.569913621362312e-04
4.435008129467139e-04
4.581727637727794e-04
4.632872307169576e-04
2.252063442211257e-04
2.263186260700915e-04
4.520409930947266e-04
4.664119398787156e-04
4.485740174620407e-04
4.536977264180564e-04
4.522406919363674e-04
4.409566893481079e-04
1.130654461164227e-04
4.430782260522884e-04
4.434963950989375e-04
2.285307488572622e-04
1.126571863607021e-04
2.248711433883462e-04
2.202822364561522e-04
2.199039616075519e-04
2.259201667304941e-04
2.250950214161662e-04
2.195319296627455e-04
2.216784660426185e-04
2.188699730903446e-04
2.208483944239485e-04
4.447338661378808e-04
4.502076648369288e-04
4.489164365821807e-04
4.376276075850190e-04
2.323970604400927e-04
2.191106335520961e-04
4.474234823940529e-04
2.262054277001842e-04
4.474971625768376e-04
4.567896137544381e-04
4.499908894871396e-04
4.574660203706079e-04
2.251703167623020e-04
4.544030690392257e-04
4.619886595861544e-04
4.530045238989070e-04
4.531348481634722e-04
2.232240033945251e-04
2.303356226285302e-04
4.506782868465583e-04
2.227246283344659e-04
4.513607702482620e-04
4.635525215779996e-04
4.433735079937643e-04
4.427045587405587e-04
2.245115254162044e-04
4.638689364559430e-04
4.502089466413394e-04
4.442260179241467e-04
4.398103364195549e-04
2.233979146211596e-04
2.248466117620751e-04
4.557614921300986e-04
2.302372009268083e-04
4.424898823174316e-04
4.515829960728487e-04
4.450517873043698e-04
4.445663022001630e-04
2.214756996252731e-04
4.568287480736899e-04
4.479662985014935e-04
4.463633897392091e-04
4.539211240498275e-04
2.251487225109372e-04
2.272346481743644e-04
4.407272418688990e-04
2.250211122595639e-04
4.477720187068713e-04
4.372891730582751e-04
4.458879166274225e-04
4.475804461909168e-04
2.237342749144962e-04
4.489016385880025e-04
4.390578139677359e-04
4.587575718825102e-04
4.483804245888716e-04
2.247850817830965e-04
2.259954901371467e-04
4.629450832226211e-03
6.612049293656479e-05
5.974405110708383e-05
5.858968241128081e-05
5.835296361033450e-05
5.796204076435884e-05
6.314425673987027e-05
6.023399530802700e-05
2.970149547888804e-05
1.725019354386366e-04
7.150095590257403e-05
1.946774612523091e-05
1.551811957069363e-05
1.424944523698753e-05
1.453794347835805e-05
1.292216518091749e-05
1.306484329848997e-05
1.301580593177458e-05
6.678988393245728e-06
1.707653194358727e-04
7.900435102226784e-05
3.149658370610690e-05
2.751423262603581e-05
2.757197401432876e-05
2.781825780366157e-05
2.681570239685035e-05
2.649065666512721e-05
2.530432381364633e-05
1.234133703459743e-05
9.205114951432356e-05
8.305677286083817e-05
6.418558476587083e-05
6.519800484738882e-05
6.557380082992855e-05
6.578969844674988e-05
6.395759980080130e-05
6.361612407523863e-05
6.016219966955561e-05
3.259899793401170e-05
1.315056544163677e-04
0.000000000000000e+00
6.115700616463235e-05
1.390807980328645e-04
0.000000000000000e+00
6.203133202446290e-05
1.351544953098009e-04
0.000000000000000e+00
5.827789751862156e-05
1.354308032909775e-04
0.000000000000000e+00
6.107278252323785e-05
1.352682436658389e-04
0.000000000000000e+00
6.213514723813300e-05
1.436970516223823e-04
0.000000000000000e+00
6.954501384903722e-05
1.662280315080977e-04
0.000000000000000e+00
1.173111083880703e-04
2.158076155194995e-04
0.000000000000000e+00
1.655136017691443e-04
1.679238621107970e-04
0.000000000000000e+00
6.403437625116895e-06
4.124365636570814e-05
0.000000000000000e+00
1.400773180434041e-05
9.020846756383112e-05
1.257636848651285e-05
0.000000000000000e+00
1.305894196133769e-05
1.122445143693085e-05
0.000000000000000e+00
1.308812917811449e-05
1.114215513213779e-05
0.000000000000000e+00
1.368887510021880e-05
1.024650762886381e-05
0.000000000000000e+00
1.428593106435431e-05
1.096242569763224e-05
0.000000000000000e+00
1.404564647322637e-05
1.283206384335619e-05
0.000000000000000e+00
1.826272489936128e-05
4.124555045059708e-05
0.000000000000000e+00
7.801865858307147e-05
1.661411774738516e-04
0.000000000000000e+00
1.659785589216275e-04
1.709388423049537e-04
0.000000000000000e+00
1.288337495375380e-05
5.993032271079576e-05
0.000000000000000e+00
2.427921855456816e-05
3.585047553163653e-05
0.000000000000000e+00
2.719376847520512e-05
3.519865273429919e-05
0.000000000000000e+00
2.491947101868063e-05
3.139084269916381e-05
0.000000000000000e+00
3.114024727111086e-05
2.453517999526274e-05
3.381385359938112e-05
0.000000000000000e+00
2.490099036226804e-05
3.460740108807888e-05
0.000000000000000e+00
2.694959848460835e-05
3.554260564229139e-05
0.000000000000000e+00
3.014514922726381e-05
6.343054500508314e-05
0.000000000000000e+00
7.856656767432449e-05
1.731504992875443e-04
0.000000000000000e+00
1.706980392957765e-04
1.500375330576749e-04
0.000000000000000e+00
3.057870820469451e-05
1.759964867024640e-04
0.000000000000000e+00
6.306711473111904e-05
1.668694320682581e-04
0.000000000000000e+00
6.409422140656317e-05
1.602410497298479e-04
0.000000000000000e+00
6.224418535580866e-05
1.663567271402637e-04
0.000000000000000e+00
6.414554240829298e-05
1.697952628778884e-04
0.000000000000000e+00
6.335580441536591e-05
1.612698829688952e-04
0.000000000000000e+00
6.327423080918493e-05
1.687297096464609e-04
1.640050369542697e-04
0.000000000000000e+00
6.496956586315624e-05
1.752713501926924e-04
0.000000000000000e+00
8.141253039598929e-05
1.419031753288872e-04
0.000000000000000e+00
8.977509083945752e-05
1.405724019489204e-04
0.000000000000000e+00
3.251110552033864e-05
1.450453111940438e-04
0.000000000000000e+00
9.285417528441069e-05
1.728313344789475e-04
0.000000000000000e+00
1.356928145791099e-05
6.174108806818643e-05
0.000000000000000e+00
2.643564893238804e-05
3.397481882595107e-05
0.000000000000000e+00
2.514749077879112e-05
3.255274536314208e-05
0.000000000000000e+00
2.675696949019368e-05
3.340322665845718e-05
0.000000000000000e+00
2.789511513846913e-05
3.378112212886938e-05
0.000000000000000e+00
2.733286487825263e-05
3.332954380992348e-05
0.000000000000000e+00
2.928911784231639e-05
3.501321116067639e-05
0.000000000000000e+00
2.969895936937306e-05
6.558240586803284e-05
0.000000000000000e+00
7.834465668873728e-05
1.744662771272942e-04
0.000000000000000e+00
8.117563509439188e-05
1.700830728649312e-04
1.840304169637837e-04
1.639455901880638e-04
0.000000000000000e+00
0.000000000000000e+00
6.563947534724926e-05
6.903411110773898e-06
7.990434046962016e-05
3.886423930238674e-05
0.000000000000000e+00
1.374767415954400e-05
1.313421499936259e-05
0.000000000000000e+00
1.393265084055351e-05
1.075877277840753e-05
0.000000000000000e+00
1.335211908344291e-05
1.013807947667367e-05
0.000000000000000e+00
1.426033882069669e-05
1.670789330096530e-04
1.054278508732705e-05
0.000000000000000e+00
0.000000000000000e+00
6.419881389655066e-05
1.388267400773320e-05
6.507751551338240e-05
1.047689394281607e-05
0.000000000000000e+00
1.566070151084453e-05
1.298279645169190e-05
0.000000000000000e+00
1.948670766875141e-05
4.055841433459052e-05
0.000000000000000e+00
7.558894192083444e-05
1.698902679310758e-04
0.000000000000000e+00
3.172958869764504e-05
1.692682897382743e-04
1.611738273299560e-04
2.103716109694176e-04
0.000000000000000e+00
0.000000000000000e+00
6.337648108782901e-05
3.053255005746418e-05
6.330208985154684e-05
1.619401555560766e-04
0.000000000000000e+00
6.207236856615357e-05
1.470613605583537e-04
0.000000000000000e+00
6.152867276150903e-05
1.381612807106099e-04
0.000000000000000e+00
5.959577849411108e-05
1.331633159815956e-04
0.000000000000000e+00
5.917848325195745e-05
1.692555491411933e-04
1.423963153420970e-04
0.000000000000000e+00
0.000000000000000e+00
6.664327551858900e-05
6.115623899010103e-05
6.031074278591102e-05
1.329204499632179e-04
0.000000000000000e+00
6.195042850342486e-05
1.363802651132081e-04
0.000000000000000e+00
6.731599442163136e-05
1.591618512302754e-04
0.000000000000000e+00
1.078125173577860e-04
2.136467626639178e-04
0.000000000000000e+00
2.715235816742970e-05
1.734241937121794e-04
1.672618842124033e-04
5.082476518244525e-04
0.000000000000000e+00
0.000000000000000e+00
6.085587641144012e-05
1.717030772165155e-04
6.439869990183903e-05
9.645900370609677e-04
0.000000000000000e+00
3.355522873860650e-04
9.210050324933644e-04
0.000000000000000e+00
3.345320406651808e-04
9.263306806426876e-04
0.000000000000000e+00
3.368866031256819e-04
9.350901324040705e-04
0.000000000000000e+00
3.390796021093934e-04
1.637278922084799e-04
9.257815251032753e-04
0.000000000000000e+00
0.000000000000000e+00
6.486236234207372e-05
3.364952913609423e-04
6.717417853359110e-05
9.370627328640542e-04
0.000000000000000e+00
3.462345041294649e-04
9.405930466954259e-04
0.000000000000000e+00
3.541175002377864e-04
9.574323828654012e-04
0.000000000000000e+00
3.768776862822657e-04
5.085612965681700e-04
0.000000000000000e+00
2.615322165399428e-05
2.137332833392236e-04
1.661286467694367e-04
5.059836619778933e-04
0.000000000000000e+00
0.000000000000000e+00
6.314688713272195e-05
1.774079295787582e-04
6.540805465249376e-05
9.350816783315471e-04
0.000000000000000e+00
3.509593811022190e-04
9.428494759163185e-04
0.000000000000000e+00
3.361044330541555e-04
9.441901714950517e-04
0.000000000000000e+00
3.425836064001449e-04
9.269158030302075e-04
0.000000000000000e+00
3.319399223585151e-04
1.745808729109418e-04
9.455373636446516e-04
0.000000000000000e+00
0.000000000000000e+00
8.682698166306106e-05
3.491041431928465e-04
6.331356576113242e-05
9.464882649713976e-04
0.000000000000000e+00
3.459360592065271e-04
9.200648525289050e-04
0.000000000000000e+00
3.462627958649970e-04
9.384685827181253e-04
0.000000000000000e+00
3.665367886867443e-04
5.061555943768780e-04
0.000000000000000e+00
2.759808937617217e-05
2.163296129682616e-04
2.118902517546910e-04
0.000000000000000e+00
3.261696564417585e-05
1.576614408016042e-04
0.000000000000000e+00
5.652934765863667e-05
2.593157752392253e-05
2.691743453805036e-05
2.642602150935146e-05
1.373499669862591e-05
1.695950196622202e-04
7.156951447981897e-05
1.961392374001392e-05
1.525609895243937e-05
1.378786706179487e-05
1.330145252311787e-05
1.382766080319323e-05
1.330674031706872e-05
1.370697841283075e-05
6.877534123021315e-06
1.737107667916386e-04
1.101802907096309e-04
6.659645430134494e-05
6.159931623515765e-05
6.273387224181211e-05
6.543445847645065e-05
6.230001259594312e-05
5.976255757917196e-05
5.796138190342266e-05
2.958073704452484e-05
2.204910942505004e-04
3.700398411647636e-04
3.598222437252237e-04
3.405583172688390e-04
3.395784507541558e-04
3.375016245551402e-04
3.310856996141827e-04
3.504968360317661e-04
3.390761652572868e-04
1.699584235592984e-04
2.155475046298723e-04
3.665117587056935e-04
3.518647637809142e-04
3.468684361024543e-04
3.332248987301037e-04
3.448742761861467e-04
3.321237815995914e-04
3.435377919297858e-04
3.448294197662942e-04
1.670119705146078e-04
1.750023968729882e-04
1.150867803984805e-04
1.676670612397402e-04
1.688577868248349e-04
0.000000000000000e+00
6.715796685057285e-04
6.734892607587047e-04
6.664684251537284e-04
1.793265032174910e-03
1.804954621474053e-03
0.000000000000000e+00
0.000000000000000e+00
6.939369055279105e-04
6.834601456442139e-04
3.381623419751160e-04
6.843034247869657e-04
1.798584228650194e-03
1.841755464060194e-03
0.000000000000000e+00
0.000000000000000e+00
6.649268342329150e-04
6.701745190421585e-04
6.814374178768882e-04
8.969120437323377e-04
8.928447099738909e-04
6.847937385449161e-04
0.000000000000000e+00
0.000000000000000e+00
3.389440204263868e-04
3.410378872160890e-04
3.389703950674061e-04
8.966024397030500e-04
8.970613930273429e-04
0.000000000000000e+00
0.000000000000000e+00
3.373361056678921e-04
6.851697539606978e-04
3.424668634257462e-04
3.475877910233294e-04
8.996500677473780e-04
8.980160297700952e-04
0.000000000000000e+00
0.000000000000000e+00
3.305464146421854e-04
3.382431674879172e-04
3.421051858116660e-04
1.851284339683919e-03
6.825838089677442e-04
1.784406915146519e-03
0.000000000000000e+00
0.000000000000000e+00
6.767673172779116e-04
6.869311956639497e-04
6.773280696677376e-04
1.781396735545589e-03
1.785023285725629e-03
0.000000000000000e+00
0.000000000000000e+00
6.617000319314077e-04
6.783500651200332e-04
6.840190707331809e-04
6.922440616866272e-04
1.785072501627383e-03
1.796166812876739e-03
0.000000000000000e+00
0.000000000000000e+00
6.846941035064446e-04
6.619523610784958e-04
6.765654252262719e-04
6.827011378457352e-04
1.812073471342046e-03
1.787479025430609e-03
0.000000000000000e+00
0.000000000000000e+00
6.713022285633010e-04
6.786296556204735e-04
6.837185852494561e-04
1.789970916060687e-03
1.790220991387059e-03
0.000000000000000e+00
6.920303348313913e-04
0.000000000000000e+00
6.617770434587556e-04
6.618597389244012e-04
6.856646696434155e-04
1.809044345280123e-03
1.816496796531434e-03
0.000000000000000e+00
0.000000000000000e+00
6.770373806716635e-04
6.698771763363235e-04
6.620715846025859e-04
6.826796412449691e-04
1.779110723805388e-03
1.825210094354664e-03
0.000000000000000e+00
0.000000000000000e+00
6.761547988465583e-04
6.734292426803753e-04
6.718770381496596e-04
1.779110382589503e-03
1.759836614748641e-03
6.947443974098632e-04
0.000000000000000e+00
0.000000000000000e+00
6.814548917219555e-04
6.623889961900885e-04
6.934863568896314e-04
9.143796660993074e-04
8.831466586163592e-04
0.000000000000000e+00
0.000000000000000e+00
3.399976658968739e-04
3.374537263752585e-04
3.345997046731479e-04
3.456003207342443e-04
3.331374015488109e-04
9.125574026645227e-04
9.055747428315426e-04
0.000000000000000e+00
0.000000000000000e+00
3.373535413506564e-04
3.546941124317489e-04
3.349738142186235e-04
4.493309644961602e-04
3.394431945731450e-04
4.549653299624386e-04
0.000000000000000e+00
0.000000000000000e+00
1.660281149168459e-04
1.663925435840004e-04
1.744804207502189e-04
9.220593626404628e-04
8.893876632744952e-04
0.000000000000000e+00
0.000000000000000e+00
6.612436960921285e-04
3.431592959643126e-04
3.353738247435938e-04
3.399687635644947e-04
9.157370139111738e-04
8.903151284575491e-04
0.000000000000000e+00
0.000000000000000e+00
3.457973504595202e-04
3.418125505381415e-04
3.412164261831663e-04
6.769065827455733e-04
9.101305944748598e-04
9.081812146537991e-04
0.000000000000000e+00
0.000000000000000e+00
3.377729652636200e-04
3.337551459708266e-04
3.422832511172184e-04
8.949422044272143e-04
9.064910197253085e-04
0.000000000000000e+00
6.845632876216237e-04
0.000000000000000e+00
3.356101818444775e-04
3.353469899100977e-04
3.377847417013413e-04
9.134526723329371e-04
9.094158100509730e-04
0.000000000000000e+00
0.000000000000000e+00
3.364051722049529e-04
3.347343367882634e-04
6.835748525475082e-04
3.438443093022177e-04
9.182705014514642e-04
8.889103157201816e-04
0.000000000000000e+00
0.000000000000000e+00
3.353430008270189e-04
3.410093328341191e-04
3.446200456584354e-04
9.040799344044595e-04
9.014859887969353e-04
6.817153427050469e-04
0.000000000000000e+00
0.000000000000000e+00
3.425486946274722e-04
3.379899202007171e-04
3.378057489266931e-04
9.085321058051929e-04
9.081045218939228e-04
0.000000000000000e+00
0.000000000000000e+00
3.313765704424062e-04
6.767009507882448e-04
3.394431631453662e-04
3.427994950376008e-04
8.805482996507407e-04
9.014756849751393e-04
0.000000000000000e+00
0.000000000000000e+00
3.415827775569369e-04
3.345874388600123e-04
3.410222923032317e-04
4.504081695766142e-04
6.755864364445566e-04
4.499150475221352e-04
0.000000000000000e+00
0.000000000000000e+00
1.689001784088854e-04
1.720775178760903e-04
1.686912790849722e-04
9.140799124338627e-04
8.960560902153248e-04
0.000000000000000e+00
0.000000000000000e+00
6.806572322451152e-04
3.326310147267956e-04
3.427147590111682e-04
3.474858527776330e-04
9.059022472257539e-04
9.139081596221862e-04
0.000000000000000e+00
0.000000000000000e+00
3.441536955818947e-04
3.298437186889676e-04
3.387590971305106e-04
3.399059169860644e-04
3.406355712390526e-04
9.070911735705066e-04
8.917293560595376e-04
0.000000000000000e+00
0.000000000000000e+00
3.378832386052484e-04
3.368914766762524e-04
3.467677617024378e-04
9.049025520274275e-04
8.722678251984917e-04
0.000000000000000e+00
1.706481959608652e-04
0.000000000000000e+00
3.326027858468214e-04
3.429978604434799e-04
3.275314153668773e-04
8.991464106524440e-04
9.172353198010797e-04
0.000000000000000e+00
0.000000000000000e+00
3.385453904788467e-04
3.457421251174727e-04
3.333903682308421e-04
3.405235648799021e-04
3.380958430398095e-04
3.437957488941378e-04
3.342641592572211e-04
3.402527561988222e-04
3.409155254037917e-04
3.302502504780591e-04
3.412005663790296e-04
3.414316032059143e-04
1.667844760473732e-04
4.505008792795214e-04
4.510920986561473e-04
0.000000000000000e+00
0.000000000000000e+00
1.689329912548961e-04
1.682325390206074e-04
1.662001101713884e-04
4.436037119845082e-04
4.451061932793246e-04
3.399105503386105e-04
0.000000000000000e+00
0.000000000000000e+00
1.689904603158728e-04
1.695083530722267e-04
1.699236666806788e-04
8.959193075421960e-04
8.926305476194327e-04
0.000000000000000e+00
0.000000000000000e+00
3.399902758791502e-04
3.383682343340411e-04
3.386314352477863e-04
3.358837202526388e-04
1.779662748252046e-03
1.778747355825771e-03
0.000000000000000e+00
0.000000000000000e+00
6.894897221646564e-04
6.793515382327086e-04
6.832757453963722e-04
1.788841715964888e-03
3.282066097687182e-04
1.824534199562322e-03
0.000000000000000e+00
0.000000000000000e+00
6.802938956932773e-04
6.721967215166084e-04
6.799711144452658e-04
1.792620250883677e-03
1.795171297573006e-03
0.000000000000000e+00
0.000000000000000e+00
3.398962058023850e-04
6.725266278910642e-04
6.712993731251040e-04
6.847846559168146e-04
1.801344494553328e-03
1.846636709946855e-03
0.000000000000000e+00
0.000000000000000e+00
6.797708521484461e-04
6.803183599743078e-04
6.891211326840600e-04
3.383280000425278e-04
1.801130103225053e-03
1.792657048323084e-03
0.000000000000000e+00
0.000000000000000e+00
6.656999890215805e-04
6.778097048690294e-04
6.743460718051134e-04
1.792049764861758e-03
1.815048730190938e-03
0.000000000000000e+00
