3.861110904549008e-04
5.777777439284538e-04
3.861110905186509e-04
6.087500138748969e-04
1.217500027749794e-03
5.055555258973970e-04
1.217500027749794e-03
1.217500027749794e-03
5.777777439284539e-04
1.217500027749794e-03
1.217500027749794e-03
5.777777439284538e-04
5.777777439284536e-04
1.217500027749794e-03
6.087500138748969e-04
5.055555260248971e-04
6.087500138748969e-04
3.043750069374485e-04
5.055555258973969e-04
3.043750069374485e-04
6.087500138748969e-04
5.777777439284538e-04
6.087500138748969e-04
5.055555260248970e-04
6.087500138748969e-04
5.777777439284536e-04
6.087500138748969e-04
6.087500138748969e-04
5.055555260248970e-04
6.087500138748969e-04
3.043750069374485e-04
3.861110904549009e-04
3.043750069374485e-04
5.555555269766313e-04
3.861110904549009e-04
5.555555269766317e-04
5.555555269766315e-04
3.861110905186510e-04
3.861110905186509e-04
5.055555258973970e-04
5.777777439284539e-04
6.087500138748969e-04
5.777777439284538e-04
1.217500027749794e-03
1.217500027749794e-03
5.555555269766315e-04
1.217500027749794e-03
6.087500138748969e-04
6.087500138748969e-04
1.217500027749794e-03
3.043750069374485e-04
6.087500138748969e-04
6.087500138748969e-04
6.087500138748969e-04
5.055555260248971e-04
3.043750069374485e-04
5.555555269766313e-04
5.055555258973969e-04
3.861110905186509e-04
3.861110904549008e-04
5.555555269766314e-04
5.555555269766312e-04
5.555555269766314e-04
3.861110905186508e-04
5.055555258973973e-04
5.777777439284539e-04
5.777777439284538e-04
5.055555260248971e-04
5.055555258973972e-04
5.777777439284538e-04
5.777777439284536e-04
5.055555260248970e-04
3.861110904549009e-04
5.555555269766312e-04
5.555555269766315e-04
5.555555269766313e-04
3.861110905186509e-04
3.861110905186508e-04
5.055555258973973e-04
5.777777439284539e-04
6.087500138748969e-04
5.777777439284538e-04
1.217500027749794e-03
1.217500027749794e-03
1.217500027749794e-03
6.087500138748969e-04
6.087500138748969e-04
1.217500027749794e-03
3.043750069374485e-04
6.087500138748969e-04
6.087500138748969e-04
6.087500138748969e-04
5.055555260248971e-04
3.043750069374485e-04
3.861110904549007e-04
5.777777439284538e-04
5.777777439284536e-04
5.055555260248970e-04
3.861110904549009e-04
5.555555269766317e-04
5.555555269766315e-04
3.861110905186510e-04
1.217500027749794e-03
5.055555258973972e-04
3.861110904549007e-04
1.217500027749794e-03
1.217500027749794e-03
5.555555269766315e-04
1.217500027749794e-03
6.087500138748969e-04
5.555555269766313e-04
6.087500138748969e-04
5.555555269766315e-04
6.087500138748969e-04
5.555555723346236e-04
1.217500027749794e-03
6.087500138748970e-04
6.087500138748970e-04
3.043750069374485e-04
3.043750069374485e-04
3.043750069374485e-04
3.043750069374485e-04
6.087500138748970e-04
6.087500138748970e-04
6.087500138748970e-04
6.087500138748970e-04
6.087500138748970e-04
6.087500138748970e-04
6.087500138748970e-04
6.087500138748970e-04
6.087500138748970e-04
6.087500138748970e-04
6.087500138748970e-04
6.087500138748970e-04
1.217500027749794e-03
1.217500027749794e-03
3.043750069374485e-04
3.043750069374485e-04
3.043750069374485e-04
3.043750069374485e-04
3.043750069374485e-04
6.087500138748969e-04
6.087500138748969e-04
6.087500138748969e-04
3.043750069374485e-04
6.087500138748969e-04
1.217500027749794e-03
1.217500027749794e-03
6.087500138748969e-04
6.087500138748969e-04
1.217500027749794e-03
1.217500027749794e-03
1.217500027749794e-03
6.087500138748969e-04
6.087500138748969e-04
1.217500027749794e-03
1.188888897847338e-03
1.217500027749794e-03
1.188888897847338e-03
5.555555723346236e-04
1.217500027749794e-03
5.944444489236690e-04
5.944444489236690e-04
6.087500138748969e-04
1.188888897847338e-03
3.043750069374485e-04
1.188888897847338e-03
1.188888897847338e-03
6.087500138748969e-04
5.944444489236690e-04
6.087500138748969e-04
5.944444489236678e-04
1.188888897847336e-03
6.087500138748969e-04
1.188888897847336e-03
1.188888897847336e-03
5.944444489236678e-04
5.944444489236690e-04
1.188888897847338e-03
1.188888897847338e-03
1.188888897847338e-03
5.944444489236690e-04
5.944444489236690e-04
1.188888897847338e-03
3.043750069374485e-04
1.188888897847338e-03
1.188888897847338e-03
5.944444489236690e-04
2.972222244618345e-04
5.944444489236690e-04
5.944444489236690e-04
5.944444489236690e-04
2.972222244618345e-04
5.555555723346237e-04
5.555555723346236e-04
2.972222244618344e-04
5.944444489236687e-04
5.944444489236687e-04
5.944444489236687e-04
2.972222244618344e-04
5.944444489236687e-04
5.555555723346236e-04
5.555555723346237e-04
1.188888897847337e-03
3.043750069374485e-04
6.087500138748970e-04
6.087500138748970e-04
5.944444489236687e-04
6.087500138748970e-04
5.555555723346237e-04
3.043750069374485e-04
5.944444489236689e-04
6.087500138748970e-04
1.217500027749794e-03
1.188888897847338e-03
1.188888897847338e-03
1.217500027749794e-03
1.188888897847338e-03
1.217500027749794e-03
5.944444489236689e-04
5.944444489236685e-04
6.087500138748970e-04
1.188888897847337e-03
6.087500138748970e-04
1.188888897847337e-03
1.188888897847337e-03
1.217500027749794e-03
5.944444489236685e-04
1.217500027749794e-03
5.944444489236690e-04
1.217500027749794e-03
1.188888897847338e-03
1.188888897847337e-03
1.188888897847337e-03
5.555555723346237e-04
6.087500138748970e-04
1.250000000500000e-03
6.250000002500001e-04
6.250000002500001e-04
1.250000000500000e-03
1.250000000500000e-03
1.250000000500000e-03
6.250000002500001e-04
6.250000002500001e-04
1.250000000500000e-03
1.250000000500000e-03
6.087500138748970e-04
3.125000001250001e-04
1.250000000500000e-03
6.250000002500001e-04
3.125000001250001e-04
6.250000002500001e-04
6.250000002500001e-04
6.250000002500001e-04
3.125000001250001e-04
6.250000002500001e-04
6.250000002500001e-04
1.217500027749794e-03
6.250000002500001e-04
3.125000001250001e-04
3.125000001250001e-04
6.250000002500001e-04
6.250000002500001e-04
6.250000002500001e-04
6.250000002500001e-04
3.125000001250001e-04
6.250000002500001e-04
1.250000000500000e-03
1.217500027749794e-03
1.250000000500000e-03
1.250000000500000e-03
6.250000002500001e-04
6.250000002500001e-04
1.250000000500000e-03
1.250000000500000e-03
1.250000000500000e-03
1.250000000500000e-03
6.250000002500001e-04
6.250000002500001e-04
1.217500027749794e-03
1.250000000500000e-03
1.250000000500000e-03
1.250000000500000e-03
6.250000002500001e-04
3.125000001250001e-04
6.250000002500001e-04
6.250000002500001e-04
6.250000002500001e-04
1.250000000500000e-03
3.125000001250001e-04
6.087500138748970e-04
1.217500027749794e-03
1.217500027749794e-03
6.087500138748969e-04
6.087500138748969e-04
6.087500138748969e-04
6.087500138748969e-04
1.217500027749794e-03
3.043750069374485e-04
1.217500027749794e-03
1.217500027749794e-03
1.217500027749794e-03
1.217500027749794e-03
1.217500027749794e-03
6.087500138748969e-04
6.087500138748970e-04
6.087500138748969e-04
6.087500138748969e-04
6.087500138748969e-04
1.217500027749794e-03
1.217500027749794e-03
1.217500027749794e-03
1.217500027749794e-03
6.087500138748970e-04
3.043750069374485e-04
3.043750069374485e-04
1.217500027749794e-03
1.217500027749794e-03
6.087500138748969e-04
6.087500138748969e-04
3.043750069374485e-04
6.087500138748970e-04
3.043750069374485e-04
6.087500138748969e-04
6.087500138748969e-04
6.087500138748969e-04
6.087500138748969e-04
6.087500138748969e-04
5.555555723346238e-04
3.043750069374485e-04
6.087500138748969e-04
3.043750069374485e-04
3.043750069374485e-04
6.087500138748969e-04
6.087500138748969e-04
6.087500138748969e-04
6.087500138748969e-04
6.087500138748969e-04
6.087500138748969e-04
3.043750069374485e-04
3.043750069374485e-04
3.043750069374485e-04
3.043750069374485e-04
3.043750069374485e-04
3.043750069374485e-04
6.087500138748970e-04
6.087500138748970e-04
6.087500138748970e-04
6.087500138748970e-04
6.087500138748970e-04
6.087500138748970e-04
6.087500138748970e-04
6.087500138748970e-04
6.087500138748970e-04
6.087500138748970e-04
6.087500138748970e-04
6.087500138748970e-04
6.087500138748969e-04
6.087500138748969e-04
3.043750069374485e-04
3.043750069374485e-04
3.043750069374485e-04
3.043750069374485e-04
6.087500138748970e-04
6.087500138748970e-04
6.087500138748970e-04
6.087500138748970e-04
1.217500027749794e-03
1.217500027749794e-03
1.217500027749794e-03
1.217500027749794e-03
1.217500027749794e-03
1.217500027749794e-03
1.217500027749794e-03
1.217500027749794e-03
1.217500027749794e-03
1.217500027749794e-03
1.217500027749794e-03
1.217500027749794e-03
6.087500138748970e-04
6.087500138748970e-04
6.087500138748970e-04
6.087500138748970e-04
6.087500138748970e-04
6.087500138748970e-04
6.087500138748970e-04
6.087500138748970e-04
1.217500027749794e-03
1.217500027749794e-03
1.217500027749794e-03
1.217500027749794e-03
1.217500027749794e-03
1.217500027749794e-03
1.217500027749794e-03
1.217500027749794e-03
1.217500027749794e-03
1.217500027749794e-03
1.217500027749794e-03
1.217500027749794e-03
1.217500027749794e-03
1.217500027749794e-03
6.087500138748970e-04
6.087500138748970e-04
6.087500138748970e-04
6.087500138748970e-04
6.087500138748970e-04
6.087500138748970e-04
6.087500138748970e-04
6.087500138748970e-04
1.217500027749794e-03
1.217500027749794e-03
1.217500027749794e-03
1.217500027749794e-03
1.217500027749794e-03
1.217500027749794e-03
1.217500027749794e-03
1.217500027749794e-03
1.217500027749794e-03
1.217500027749794e-03
1.217500027749794e-03
1.217500027749794e-03
6.087500138748970e-04
6.087500138748970e-04
1.707259221570736e-04
1.217500027749794e-03
1.344012642293389e-04
1.960000000784000e-04
9.031250003612500e-04
3.042222223439111e-04
1.707259221570736e-04
9.031250003612500e-04
1.216888889375644e-03
9.031250003612500e-04
1.216888889375644e-03
9.031250003612500e-04
6.084444446878225e-04
9.031250003612500e-04
3.042222223439113e-04
9.031250003612500e-04
6.084444446878227e-04
9.031250003612500e-04
6.084444446878225e-04
9.031250003612500e-04
3.042222223439114e-04
1.960000000784000e-04
9.031250003612500e-04
6.084444446878223e-04
1.707259221570736e-04
1.960000000784000e-04
9.031250003612500e-04
6.084444446878221e-04
1.707259221570736e-04
5.376050569173554e-04
1.960000000784000e-04
9.031250003612500e-04
3.042222223439113e-04
1.707259221570736e-04
5.376050569173554e-04
9.031250003612500e-04
6.084444446878223e-04
9.031250003612500e-04
1.216888889375645e-03
4.704044248026859e-04
9.031250003612500e-04
1.216888889375644e-03
4.704044248026859e-04
9.031250003612500e-04
6.084444446878227e-04
9.031250003612500e-04
6.084444446878221e-04
1.707259221570736e-04
1.707259221570736e-04
1.707259221570736e-04
1.707259221570736e-04
1.707259221570736e-04
1.707259221570736e-04
1.707259221570736e-04
1.707259221570736e-04
1.707259221570736e-04
1.707259221570736e-04
1.707259221570736e-04
1.707259221570736e-04
1.707259221570736e-04
1.707259221570736e-04
1.707259221570736e-04
1.707259221570736e-04
1.707259221570736e-04
1.707259221570736e-04
1.707259221570736e-04
1.707259221570736e-04
1.707259221570736e-04
1.707259221570736e-04
1.707259221570736e-04
1.707259221570736e-04
1.707259221570736e-04
1.707259221570736e-04
1.217500027749794e-03
6.087500138748969e-04
6.087500138748969e-04
1.217500027749794e-03
1.217500027749794e-03
1.217500027749794e-03
6.087500138748969e-04
6.087500138748969e-04
1.217500027749794e-03
1.217500027749794e-03
3.043750069374485e-04
1.217500027749794e-03
6.087500138748969e-04
3.043750069374485e-04
6.087500138748969e-04
6.087500138748969e-04
6.087500138748969e-04
1.707259221570736e-04
3.043750069374485e-04
6.087500138748969e-04
6.087500138748969e-04
6.087500138748969e-04
3.043750069374485e-04
6.087500138748969e-04
1.217500027749794e-03
2.140000016125207e-04
2.140000016125211e-04
2.140000016125207e-04
2.140000016125207e-04
2.140000016125207e-04
2.140000016125205e-04
2.140000016125209e-04
2.140000016125209e-04
2.140000016125209e-04
2.140000016125204e-04
2.140000016125208e-04
2.140000016125207e-04
2.140000016125207e-04
2.140000016125207e-04
2.140000016125207e-04
2.140000016125207e-04
2.140000016125208e-04
2.140000016125209e-04
2.140000016125208e-04
2.140000016125210e-04
2.140000016125209e-04
2.140000016125209e-04
2.140000016125207e-04
2.140000016125204e-04
2.140000016125210e-04
2.140000016125211e-04
2.140000016125209e-04
2.140000016125206e-04
2.140000016125204e-04
2.140000016125204e-04
2.140000016125209e-04
2.140000016125209e-04
2.140000016125211e-04
2.140000016125210e-04
2.140000016125210e-04
2.140000016125209e-04
2.140000016125209e-04
2.140000016125209e-04
2.140000016125209e-04
2.140000016125205e-04
2.140000016125205e-04
2.140000016125207e-04
2.140000016125206e-04
2.140000016125204e-04
2.140000016125208e-04
2.140000016125204e-04
2.140000016125207e-04
2.140000016125204e-04
2.140000016125204e-04
2.140000016125204e-04
2.140000016125204e-04
2.140000016125210e-04
2.140000016125210e-04
2.140000016125210e-04
2.140000016125209e-04
2.140000016125209e-04
2.140000016125211e-04
2.140000016125209e-04
2.140000016125209e-04
2.140000016125209e-04
2.140000016125209e-04
2.140000016125207e-04
2.140000016125205e-04
2.140000016125205e-04
2.140000016125208e-04
2.140000016125206e-04
2.140000016125204e-04
2.140000016125204e-04
2.140000016125207e-04
2.140000016125204e-04
2.140000016125204e-04
2.140000016125209e-04
2.140000016125204e-04
2.140000016125204e-04
2.140000016125208e-04
2.140000016125207e-04
2.140000016125207e-04
2.140000016125207e-04
2.140000016125209e-04
2.140000016125210e-04
2.140000016125207e-04
2.140000016125207e-04
2.140000016125207e-04
2.140000016125207e-04
2.140000016125207e-04
2.140000016125207e-04
2.140000016125207e-04
2.140000016125207e-04
2.140000016125209e-04
2.140000016125207e-04
2.140000016125209e-04
2.140000016125208e-04
2.140000016125207e-04
2.140000016125207e-04
2.140000016125209e-04
2.140000016125209e-04
2.140000016125209e-04
2.140000016125210e-04
2.140000016125207e-04
2.140000016125207e-04
2.140000016125207e-04
2.140000016125209e-04
2.140000016125208e-04
2.140000016125208e-04
2.140000016125209e-04
2.140000016125208e-04
2.140000016125207e-04
2.140000016125210e-04
2.140000016125207e-04
2.140000016125208e-04
2.140000016125210e-04
2.140000016125208e-04
2.140000016125207e-04
2.140000016125208e-04
2.140000016125207e-04
2.140000016125208e-04
2.140000016125207e-04
2.140000016125207e-04
2.140000016125207e-04
2.140000016125207e-04
2.140000016125208e-04
2.140000016125207e-04
2.140000016125207e-04
2.140000016125209e-04
2.140000016125207e-04
2.140000016125207e-04
2.140000016125207e-04
2.140000016125207e-04
2.140000016125207e-04
2.140000016125207e-04
2.140000016125208e-04
2.140000016125208e-04
2.140000016125207e-04
2.140000016125207e-04
2.140000016125209e-04
2.140000016125207e-04
2.140000016125207e-04
2.140000016125207e-04
2.140000016125207e-04
2.140000016125210e-04
2.140000016125210e-04
2.140000016125210e-04
2.140000016125209e-04
2.140000016125209e-04
2.140000016125211e-04
2.140000016125209e-04
2.140000016125209e-04
2.140000016125209e-04
2.140000016125209e-04
2.140000016125207e-04
2.140000016125207e-04
2.140000016125208e-04
2.140000016125207e-04
2.140000016125207e-04
2.140000016125209e-04
2.140000016125207e-04
2.140000016125207e-04
2.140000016125207e-04
2.140000016125207e-04
2.140000016125207e-04
2.140000016125207e-04
2.140000016125209e-04
2.140000016125208e-04
2.140000016125207e-04
2.140000016125207e-04
2.140000016125209e-04
2.140000016125207e-04
2.140000016125207e-04
2.140000016125207e-04
2.140000016125207e-04
2.140000016125207e-04
2.140000016125207e-04
2.140000016125208e-04
2.140000016125207e-04
2.140000016125207e-04
2.140000016125209e-04
2.140000016125207e-04
2.140000016125207e-04
2.140000016125207e-04
2.140000016125207e-04
2.140000016125207e-04
2.140000016125207e-04
2.140000016125208e-04
2.140000016125207e-04
2.140000016125207e-04
2.140000016125209e-04
2.140000016125207e-04
2.140000016125207e-04
2.140000016125207e-04
2.140000016125207e-04
2.140000016125210e-04
2.140000016125210e-04
2.140000016125207e-04
2.140000016125210e-04
2.140000016125209e-04
2.140000016125209e-04
2.140000016125211e-04
2.140000016125209e-04
2.140000016125209e-04
2.140000016125209e-04
2.140000016125209e-04
2.140000016125210e-04
2.140000016125210e-04
2.140000016125210e-04
2.140000016125209e-04
2.140000016125209e-04
2.140000016125211e-04
2.140000016125209e-04
2.140000016125209e-04
2.140000016125209e-04
2.140000016125209e-04
2.140000016125205e-04
2.140000016125205e-04
2.140000016125206e-04
2.140000016125204e-04
2.140000016125204e-04
2.140000016125207e-04
2.140000016125204e-04
2.140000016125204e-04
2.140000016125204e-04
2.140000016125204e-04
2.140000016125210e-04
2.140000016125210e-04
2.140000016125207e-04
2.140000016125210e-04
2.140000016125209e-04
2.140000016125209e-04
2.140000016125211e-04
2.140000016125209e-04
2.140000016125209e-04
2.140000016125209e-04
2.140000016125209e-04
2.140000016125205e-04
2.140000016125205e-04
2.140000016125206e-04
2.140000016125204e-04
2.140000016125204e-04
2.140000016125207e-04
2.140000016125204e-04
2.140000016125204e-04
2.140000016125204e-04
2.140000016125204e-04
2.140000016125210e-04
2.140000016125210e-04
2.140000016125210e-04
2.140000016125209e-04
2.140000016125209e-04
2.140000016125211e-04
2.140000016125209e-04
2.140000016125209e-04
2.140000016125209e-04
2.140000016125209e-04
2.140000016125210e-04
2.140000016125210e-04
2.140000016125210e-04
2.140000016125209e-04
2.140000016125209e-04
2.140000016125211e-04
2.140000016125209e-04
2.140000016125209e-04
2.140000016125209e-04
2.140000016125209e-04
2.140000016125205e-04
2.140000016125205e-04
2.140000016125206e-04
2.140000016125204e-04
2.140000016125204e-04
2.140000016125207e-04
2.140000016125204e-04
2.140000016125204e-04
2.140000016125204e-04
2.140000016125204e-04
2.140000016125210e-04
2.140000016125210e-04
2.140000016125210e-04
2.140000016125209e-04
2.140000016125209e-04
2.140000016125211e-04
2.140000016125209e-04
2.140000016125209e-04
2.140000016125209e-04
2.140000016125209e-04
2.140000016125205e-04
2.140000016125205e-04
2.140000016125206e-04
2.140000016125204e-04
2.140000016125204e-04
2.140000016125207e-04
2.140000016125204e-04
2.140000016125204e-04
2.140000016125204e-04
2.140000016125204e-04
2.140000016125204e-04
2.140000016125210e-04
2.140000016125210e-04
2.140000016125210e-04
2.140000016125209e-04
2.140000016125209e-04
2.140000016125211e-04
2.140000016125209e-04
2.140000016125209e-04
2.140000016125209e-04
2.140000016125209e-04
2.140000016125205e-04
2.140000016125205e-04
2.140000016125206e-04
2.140000016125204e-04
2.140000016125204e-04
2.140000016125207e-04
2.140000016125204e-04
2.140000016125204e-04
2.140000016125204e-04
2.140000016125204e-04
2.140000016125210e-04
2.140000016125210e-04
2.140000016125210e-04
2.140000016125209e-04
2.140000016125209e-04
2.140000016125211e-04
2.140000016125209e-04
2.140000016125209e-04
2.140000016125209e-04
2.140000016125209e-04
2.140000016125210e-04
2.140000016125208e-04
2.140000016125210e-04
2.140000016125210e-04
2.140000016125209e-04
2.140000016125209e-04
2.140000016125211e-04
2.140000016125209e-04
2.140000016125209e-04
2.140000016125209e-04
2.140000016125208e-04
2.140000016125205e-04
2.140000016125208e-04
2.140000016125205e-04
2.140000016125208e-04
2.140000016125204e-04
2.140000016125204e-04
2.140000016125207e-04
2.140000016125204e-04
2.140000016125204e-04
2.140000016125204e-04
2.140000016125209e-04
2.140000016125210e-04
2.140000016125209e-04
2.140000016125210e-04
2.140000016125210e-04
2.140000016125209e-04
2.140000016125209e-04
2.140000016125207e-04
2.140000016125209e-04
2.140000016125209e-04
2.140000016125209e-04
2.140000016125209e-04
2.140000016125205e-04
2.140000016125207e-04
2.140000016125207e-04
2.140000016125206e-04
2.140000016125204e-04
2.140000016125204e-04
2.140000016125207e-04
2.140000016125204e-04
2.140000016125210e-04
2.140000016125204e-04
2.140000016125204e-04
2.140000016125208e-04
2.140000016125207e-04
2.140000016125210e-04
2.140000016125208e-04
2.140000016125208e-04
2.140000016125208e-04
2.140000016125208e-04
2.140000016125210e-04
2.140000016125207e-04
2.140000016125207e-04
2.140000016125208e-04
2.140000016125207e-04
2.140000016125207e-04
2.140000016125209e-04
2.140000016125207e-04
2.140000016125207e-04
2.140000016125209e-04
2.140000016125207e-04
2.140000016125210e-04
2.140000016125207e-04
2.140000016125207e-04
2.140000016125207e-04
2.140000016125207e-04
2.140000016125207e-04
2.140000016125207e-04
2.140000016125207e-04
2.140000016125207e-04
2.140000016125207e-04
2.140000016125208e-04
2.140000016125209e-04
2.140000016125207e-04
2.140000016125207e-04
2.140000016125209e-04
2.140000016125209e-04
2.140000016125207e-04
2.140000016125207e-04
2.140000016125209e-04
2.140000016125207e-04
2.140000016125207e-04
2.140000016125208e-04
2.140000016125210e-04
2.140000016125210e-04
2.140000016125210e-04
2.140000016125209e-04
2.140000016125209e-04
2.140000016125211e-04
2.140000016125209e-04
2.140000016125209e-04
2.140000016125209e-04
2.140000016125209e-04
2.140000016125208e-04
2.140000016125207e-04
2.140000016125207e-04
2.140000016125208e-04
2.140000016125207e-04
2.140000016125207e-04
2.140000016125209e-04
2.140000016125207e-04
2.140000016125207e-04
2.140000016125207e-04
2.140000016125207e-04
2.140000016125210e-04
2.140000016125207e-04
2.140000016125207e-04
2.140000016125208e-04
2.140000016125207e-04
2.140000016125207e-04
2.140000016125209e-04
2.140000016125208e-04
2.140000016125207e-04
2.140000016125207e-04
2.140000016125207e-04
2.140000016125208e-04
2.140000016125207e-04
2.140000016125207e-04
2.140000016125208e-04
2.140000016125207e-04
2.140000016125207e-04
2.140000016125209e-04
2.140000016125209e-04
2.140000016125207e-04
2.140000016125207e-04
2.140000016125207e-04
2.140000016125208e-04
2.140000016125207e-04
2.140000016125207e-04
2.140000016125208e-04
2.140000016125207e-04
2.140000016125207e-04
2.140000016125209e-04
2.140000016125207e-04
2.140000016125207e-04
2.140000016125207e-04
2.140000016125207e-04
2.140000016125208e-04
2.140000016125210e-04
2.140000016125210e-04
2.140000016125210e-04
2.140000016125209e-04
2.140000016125209e-04
2.140000016125211e-04
2.140000016125207e-04
2.140000016125209e-04
2.140000016125209e-04
2.140000016125209e-04
2.140000016125208e-04
2.140000016125210e-04
2.140000016125210e-04
2.140000016125207e-04
2.140000016125207e-04
2.140000016125209e-04
2.140000016125211e-04
2.140000016125209e-04
2.140000016125209e-04
2.140000016125207e-04
2.140000016125209e-04
2.140000016125207e-04
2.140000016125205e-04
2.140000016125205e-04
2.140000016125206e-04
2.140000016125204e-04
2.140000016125208e-04
2.140000016125207e-04
2.140000016125204e-04
2.140000016125204e-04
2.140000016125204e-04
2.140000016125204e-04
2.140000016125207e-04
2.140000016125210e-04
2.140000016125210e-04
2.140000016125209e-04
2.140000016125209e-04
2.140000016125210e-04
2.140000016125207e-04
2.140000016125209e-04
2.140000016125209e-04
2.140000016125209e-04
2.140000016125208e-04
2.140000016125205e-04
2.140000016125205e-04
2.140000016125209e-04
2.140000016125204e-04
2.140000016125208e-04
2.140000016125207e-04
2.140000016125204e-04
2.140000016125204e-04
2.140000016125207e-04
2.140000016125204e-04
2.140000016125207e-04
2.140000016125210e-04
2.140000016125210e-04
2.140000016125210e-04
2.140000016125207e-04
2.140000016125207e-04
2.140000016125207e-04
2.140000016125209e-04
2.140000016125209e-04
2.140000016125209e-04
2.140000016125209e-04
2.140000016125207e-04
2.140000016125207e-04
2.140000016125210e-04
2.140000016125208e-04
2.140000016125209e-04
2.140000016125209e-04
2.140000016125211e-04
2.140000016125207e-04
2.140000016125210e-04
2.140000016125210e-04
2.140000016125210e-04
2.140000016125209e-04
2.140000016125209e-04
2.140000016125211e-04
2.140000016125209e-04
2.140000016125209e-04
2.140000016125209e-04
2.140000016125209e-04
2.140000016125207e-04
2.140000016125207e-04
2.140000016125208e-04
2.140000016125207e-04
2.140000016125207e-04
2.140000016125207e-04
2.140000016125209e-04
2.140000016125207e-04
2.140000016125207e-04
2.140000016125207e-04
2.140000016125207e-04
2.140000016125207e-04
2.140000016125207e-04
2.140000016125208e-04
2.140000016125207e-04
2.140000016125207e-04
2.140000016125209e-04
2.140000016125207e-04
2.140000016125207e-04
2.140000016125207e-04
2.140000016125207e-04
2.140000016125207e-04
2.140000016125207e-04
2.140000016125208e-04
2.140000016125207e-04
2.140000016125207e-04
2.140000016125207e-04
2.140000016125209e-04
2.140000016125207e-04
2.140000016125207e-04
2.140000016125207e-04
2.140000016125207e-04
2.140000016125207e-04
2.140000016125207e-04
2.140000016125208e-04
2.140000016125207e-04
2.140000016125207e-04
2.140000016125209e-04
2.140000016125207e-04
2.140000016125207e-04
2.140000016125207e-04
2.140000016125207e-04
2.140000016125210e-04
2.140000016125210e-04
2.140000016125210e-04
2.140000016125209e-04
2.140000016125209e-04
2.140000016125211e-04
2.140000016125209e-04
2.140000016125209e-04
2.140000016125209e-04
2.140000016125209e-04
2.140000016125210e-04
2.140000016125210e-04
2.140000016125210e-04
2.140000016125209e-04
2.140000016125209e-04
2.140000016125211e-04
2.140000016125209e-04
2.140000016125209e-04
2.140000016125209e-04
2.140000016125209e-04
2.140000016125205e-04
2.140000016125205e-04
2.140000016125206e-04
2.140000016125204e-04
2.140000016125204e-04
2.140000016125207e-04
2.140000016125204e-04
2.140000016125204e-04
2.140000016125204e-04
2.140000016125204e-04
2.140000016125210e-04
2.140000016125210e-04
2.140000016125210e-04
2.140000016125209e-04
2.140000016125209e-04
2.140000016125211e-04
2.140000016125209e-04
2.140000016125209e-04
2.140000016125209e-04
2.140000016125209e-04
2.140000016125205e-04
2.140000016125205e-04
2.140000016125206e-04
2.140000016125204e-04
2.140000016125204e-04
2.140000016125207e-04
2.140000016125204e-04
2.140000016125204e-04
2.140000016125204e-04
2.140000016125204e-04
2.140000016125210e-04
2.140000016125210e-04
2.140000016125210e-04
2.140000016125209e-04
2.140000016125209e-04
2.140000016125211e-04
2.140000016125209e-04
2.140000016125209e-04
2.140000016125209e-04
2.140000016125209e-04
2.140000016125210e-04
2.140000016125210e-04
2.140000016125210e-04
2.140000016125209e-04
2.140000016125209e-04
2.140000016125211e-04
2.140000016125209e-04
2.140000016125209e-04
2.140000016125209e-04
2.140000016125209e-04
2.140000016125205e-04
2.140000016125205e-04
2.140000016125206e-04
2.140000016125204e-04
2.140000016125204e-04
2.140000016125207e-04
2.140000016125204e-04
2.140000016125204e-04
2.140000016125204e-04
2.140000016125204e-04
2.140000016125210e-04
2.140000016125210e-04
2.140000016125210e-04
2.140000016125209e-04
2.140000016125209e-04
2.140000016125211e-04
2.140000016125209e-04
2.140000016125209e-04
2.140000016125209e-04
2.140000016125209e-04
2.140000016125205e-04
2.140000016125205e-04
2.140000016125206e-04
2.140000016125204e-04
2.140000016125204e-04
2.140000016125207e-04
2.140000016125204e-04
2.140000016125204e-04
2.140000016125204e-04
2.140000016125204e-04
2.140000016125208e-04
2.140000016125208e-04
2.140000016125210e-04
2.140000016125208e-04
2.140000016125208e-04
2.140000016125208e-04
2.140000016125208e-04
2.140000016125207e-04
2.140000016125207e-04
2.140000016125208e-04
2.140000016125207e-04
2.140000016125207e-04
2.140000016125209e-04
2.140000016125207e-04
2.140000016125207e-04
2.140000016125207e-04
2.140000016125207e-04
2.140000016125207e-04
2.140000016125207e-04
2.140000016125208e-04
2.140000016125207e-04
2.140000016125207e-04
2.140000016125209e-04
2.140000016125207e-04
2.140000016125207e-04
2.140000016125207e-04
2.140000016125207e-04
2.140000016125210e-04
2.140000016125210e-04
2.140000016125210e-04
2.140000016125209e-04
2.140000016125209e-04
2.140000016125211e-04
2.140000016125209e-04
2.140000016125209e-04
2.140000016125209e-04
2.140000016125209e-04
2.140000016125207e-04
2.140000016125207e-04
2.140000016125208e-04
2.140000016125207e-04
2.140000016125207e-04
2.140000016125209e-04
2.140000016125207e-04
2.140000016125207e-04
2.140000016125207e-04
2.140000016125207e-04
2.140000016125207e-04
2.140000016125207e-04
2.140000016125208e-04
2.140000016125207e-04
2.140000016125207e-04
2.140000016125209e-04
2.140000016125207e-04
2.140000016125207e-04
2.140000016125207e-04
2.140000016125207e-04
2.140000016125207e-04
2.140000016125207e-04
2.140000016125208e-04
2.140000016125207e-04
2.140000016125207e-04
2.140000016125209e-04
2.140000016125207e-04
2.140000016125207e-04
2.140000016125207e-04
2.140000016125207e-04
2.140000016125207e-04
2.140000016125207e-04
2.140000016125208e-04
2.140000016125207e-04
2.140000016125207e-04
2.140000016125209e-04
2.140000016125207e-04
2.140000016125207e-04
2.140000016125207e-04
2.140000016125207e-04
2.140000016125210e-04
2.140000016125210e-04
2.140000016125210e-04
2.140000016125209e-04
2.140000016125209e-04
2.140000016125211e-04
2.140000016125209e-04
2.140000016125209e-04
2.140000016125209e-04
2.140000016125209e-04
2.140000016125210e-04
2.140000016125210e-04
2.140000016125210e-04
2.140000016125209e-04
2.140000016125209e-04
2.140000016125211e-04
2.140000016125209e-04
2.140000016125209e-04
2.140000016125209e-04
2.140000016125209e-04
2.140000016125205e-04
2.140000016125205e-04
2.140000016125206e-04
2.140000016125204e-04
2.140000016125204e-04
2.140000016125207e-04
2.140000016125204e-04
2.140000016125204e-04
2.140000016125204e-04
2.140000016125209e-04
2.140000016125206e-04
2.140000016125208e-04
2.140000016125209e-04
2.140000016125207e-04
2.140000016125204e-04
2.140000016125207e-04
2.140000016125210e-04
4.404722754821568e-02
8.299999810812816e-04
8.299999810812816e-04
8.299999810812816e-04
8.299999810812816e-04
8.299999810812816e-04
8.299999810812816e-04
8.299999810812816e-04
8.299999810812816e-04
8.299999810812816e-04
8.299999810812816e-04
2.074999952703204e-04
4.149999905406408e-04
4.149999905406408e-04
4.149999905406408e-04
2.074999952703204e-04
4.149999905406408e-04
8.299999810812816e-04
4.149999905406408e-04
4.149999905406407e-04
8.299999810812813e-04
8.299999810812813e-04
8.299999810812813e-04
4.149999905406407e-04
4.149999905406409e-04
8.299999810812817e-04
8.299999810812817e-04
8.299999810812817e-04
4.149999905406409e-04
4.149999905406407e-04
8.299999810812813e-04
8.299999810812813e-04
8.299999810812813e-04
4.149999905406407e-04
2.074999952703203e-04
4.149999905406407e-04
4.149999905406407e-04
4.149999905406407e-04
2.074999952703203e-04
8.299999810812816e-04
8.299999810812816e-04
2.074999952703204e-04
2.074999952703204e-04
2.074999952703204e-04
2.074999952703204e-04
2.074999952703204e-04
2.074999952703204e-04
2.074999952703204e-04
4.149999905406408e-04
4.149999905406408e-04
4.149999905406408e-04
4.149999905406408e-04
4.149999905406408e-04
4.149999905406408e-04
4.149999905406408e-04
4.149999905406408e-04
4.149999905406408e-04
4.149999905406408e-04
4.149999905406408e-04
4.149999905406408e-04
4.149999905406408e-04
4.149999905406408e-04
4.149999905406408e-04
4.149999905406408e-04
4.149999905406408e-04
4.149999905406408e-04
4.149999905406408e-04
4.149999905406408e-04
4.149999905406408e-04
2.074999952703204e-04
2.074999952703204e-04
2.074999952703204e-04
2.074999952703204e-04
2.074999952703204e-04
2.074999952703204e-04
2.074999952703204e-04
4.149999905406408e-04
4.149999905406408e-04
4.149999905406408e-04
4.149999905406408e-04
4.149999905406408e-04
4.149999905406408e-04
4.149999905406408e-04
8.299999810812816e-04
8.299999810812816e-04
8.299999810812816e-04
8.299999810812816e-04
8.299999810812816e-04
8.299999810812816e-04
8.299999810812816e-04
4.149999905406408e-04
4.149999905406408e-04
4.149999905406408e-04
4.149999905406408e-04
4.149999905406408e-04
4.149999905406408e-04
4.149999905406408e-04
4.149999905406407e-04
4.149999905406407e-04
4.149999905406407e-04
4.149999905406407e-04
4.149999905406407e-04
4.149999905406407e-04
4.149999905406407e-04
8.299999810812813e-04
8.299999810812813e-04
8.299999810812813e-04
8.299999810812813e-04
8.299999810812813e-04
8.299999810812813e-04
8.299999810812813e-04
8.299999810812813e-04
8.299999810812813e-04
8.299999810812813e-04
8.299999810812813e-04
8.299999810812813e-04
8.299999810812813e-04
8.299999810812813e-04
8.299999810812813e-04
8.299999810812813e-04
8.299999810812813e-04
8.299999810812813e-04
8.299999810812813e-04
8.299999810812813e-04
8.299999810812813e-04
4.149999905406407e-04
4.149999905406407e-04
4.149999905406407e-04
4.149999905406407e-04
4.149999905406407e-04
4.149999905406407e-04
4.149999905406407e-04
4.149999905406409e-04
4.149999905406409e-04
4.149999905406409e-04
4.149999905406409e-04
4.149999905406409e-04
4.149999905406409e-04
4.149999905406409e-04
8.299999810812817e-04
8.299999810812817e-04
8.299999810812817e-04
8.299999810812817e-04
8.299999810812817e-04
8.299999810812817e-04
8.299999810812817e-04
8.299999810812817e-04
8.299999810812817e-04
8.299999810812817e-04
8.299999810812817e-04
8.299999810812817e-04
8.299999810812817e-04
8.299999810812817e-04
8.299999810812817e-04
8.299999810812817e-04
8.299999810812817e-04
8.299999810812817e-04
8.299999810812817e-04
8.299999810812817e-04
8.299999810812817e-04
4.149999905406409e-04
4.149999905406409e-04
4.149999905406409e-04
4.149999905406409e-04
4.149999905406409e-04
4.149999905406409e-04
4.149999905406409e-04
4.149999905406407e-04
4.149999905406407e-04
4.149999905406407e-04
4.149999905406407e-04
4.149999905406407e-04
4.149999905406407e-04
4.149999905406407e-04
8.299999810812813e-04
8.299999810812813e-04
8.299999810812813e-04
8.299999810812813e-04
8.299999810812813e-04
8.299999810812813e-04
8.299999810812813e-04
8.299999810812813e-04
8.299999810812813e-04
8.299999810812813e-04
8.299999810812813e-04
8.299999810812813e-04
8.299999810812813e-04
8.299999810812813e-04
8.299999810812813e-04
8.299999810812813e-04
8.299999810812813e-04
8.299999810812813e-04
8.299999810812813e-04
8.299999810812813e-04
8.299999810812813e-04
4.149999905406407e-04
4.149999905406407e-04
4.149999905406407e-04
4.149999905406407e-04
4.149999905406407e-04
4.149999905406407e-04
4.149999905406407e-04
2.074999952703203e-04
2.074999952703203e-04
2.074999952703203e-04
2.074999952703203e-04
2.074999952703203e-04
2.074999952703203e-04
2.074999952703203e-04
4.149999905406407e-04
4.149999905406407e-04
4.149999905406407e-04
4.149999905406407e-04
4.149999905406407e-04
4.149999905406407e-04
4.149999905406407e-04
4.149999905406407e-04
4.149999905406407e-04
4.149999905406407e-04
4.149999905406407e-04
4.149999905406407e-04
4.149999905406407e-04
4.149999905406407e-04
4.149999905406407e-04
4.149999905406407e-04
4.149999905406407e-04
4.149999905406407e-04
4.149999905406407e-04
4.149999905406407e-04
4.149999905406407e-04
2.074999952703203e-04
2.074999952703203e-04
2.074999952703203e-04
2.074999952703203e-04
2.074999952703203e-04
2.074999952703203e-04
2.074999952703203e-04
8.299999810812816e-04
8.299999810812816e-04
8.299999810812816e-04
8.299999810812816e-04
3.333333309581397e-04
6.666666619162794e-04
3.333333309581397e-04
6.666666619162795e-04
1.333333323832559e-03
6.666666619162795e-04
6.666666619162793e-04
3.333333309581399e-04
6.666666619162797e-04
3.333333309581399e-04
1.333333323832559e-03
6.666666619162793e-04
3.333333309581397e-04
3.333333309581397e-04
3.333333309581397e-04
3.333333309581397e-04
3.333333309581397e-04
3.333333309581397e-04
3.333333309581397e-04
6.666666619162794e-04
6.666666619162794e-04
6.666666619162794e-04
6.666666619162794e-04
6.666666619162794e-04
6.666666619162794e-04
6.666666619162794e-04
3.333333309581397e-04
3.333333309581397e-04
3.333333309581397e-04
3.333333309581397e-04
3.333333309581397e-04
3.333333309581397e-04
3.333333309581397e-04
6.666666619162795e-04
6.666666619162795e-04
6.666666619162795e-04
6.666666619162795e-04
6.666666619162795e-04
6.666666619162795e-04
6.666666619162795e-04
1.333333323832559e-03
1.333333323832559e-03
1.333333323832559e-03
1.333333323832559e-03
1.333333323832559e-03
1.333333323832559e-03
1.333333323832559e-03
6.666666619162795e-04
6.666666619162795e-04
6.666666619162795e-04
6.666666619162795e-04
6.666666619162795e-04
6.666666619162795e-04
6.666666619162795e-04
6.666666619162793e-04
6.666666619162793e-04
6.666666619162793e-04
6.666666619162793e-04
6.666666619162793e-04
6.666666619162793e-04
6.666666619162793e-04
3.333333309581399e-04
3.333333309581399e-04
3.333333309581399e-04
3.333333309581399e-04
3.333333309581399e-04
3.333333309581399e-04
3.333333309581399e-04
6.666666619162797e-04
6.666666619162797e-04
6.666666619162797e-04
6.666666619162797e-04
6.666666619162797e-04
6.666666619162797e-04
6.666666619162797e-04
3.333333309581399e-04
3.333333309581399e-04
3.333333309581399e-04
3.333333309581399e-04
3.333333309581399e-04
3.333333309581399e-04
3.333333309581399e-04
1.333333323832559e-03
1.333333323832559e-03
1.333333323832559e-03
1.333333323832559e-03
1.333333323832559e-03
1.333333323832559e-03
1.333333323832559e-03
6.666666619162793e-04
6.666666619162793e-04
6.666666619162793e-04
6.666666619162793e-04
6.666666619162793e-04
6.666666619162793e-04
6.666666619162793e-04