0.000000000000000e+00
0.000000000000000e+00
0.000000000000000e+00
0.000000000000000e+00
0.000000000000000e+00
0.000000000000000e+00
0.000000000000000e+00
0.000000000000000e+00
0.000000000000000e+00
0.000000000000000e+00
0.000000000000000e+00
0.000000000000000e+00
0.000000000000000e+00
0.000000000000000e+00
0.000000000000000e+00
0.000000000000000e+00
0.000000000000000e+00
0.000000000000000e+00
0.000000000000000e+00
0.000000000000000e+00
0.000000000000000e+00
0.000000000000000e+00
0.000000000000000e+00
0.000000000000000e+00
0.000000000000000e+00
0.000000000000000e+00
0.000000000000000e+00
0.000000000000000e+00
0.000000000000000e+00
0.000000000000000e+00
0.000000000000000e+00
0.000000000000000e+00
0.000000000000000e+00
0.000000000000000e+00
0.000000000000000e+00
0.000000000000000e+00
0.000000000000000e+00
0.000000000000000e+00
0.000000000000000e+00
0.000000000000000e+00
0.000000000000000e+00
0.000000000000000e+00
0.000000000000000e+00
0.000000000000000e+00
0.000000000000000e+00
0.000000000000000e+00
0.000000000000000e+00
0.000000000000000e+00
0.000000000000000e+00
0.000000000000000e+00
0.000000000000000e+00
0.000000000000000e+00
0.000000000000000e+00
0.000000000000000e+00
0.000000000000000e+00
0.000000000000000e+00
0.000000000000000e+00
0.000000000000000e+00
0.000000000000000e+00
0.000000000000000e+00
0.000000000000000e+00
0.000000000000000e+00
0.000000000000000e+00
0.000000000000000e+00
0.000000000000000e+00
0.000000000000000e+00
0.000000000000000e+00
0.000000000000000e+00
0.000000000000000e+00
0.000000000000000e+00
0.000000000000000e+00
0.000000000000000e+00
0.000000000000000e+00
0.000000000000000e+00
0.000000000000000e+00
0.000000000000000e+00
0.000000000000000e+00
0.000000000000000e+00
0.000000000000000e+00
0.000000000000000e+00
0.000000000000000e+00
0.000000000000000e+00
0.000000000000000e+00
0.000000000000000e+00
0.000000000000000e+00
0.000000000000000e+00
0.000000000000000e+00
0.000000000000000e+00
0.000000000000000e+00
0.000000000000000e+00
0.000000000000000e+00
0.000000000000000e+00
0.000000000000000e+00
0.000000000000000e+00
0.000000000000000e+00
0.000000000000000e+00
0.000000000000000e+00
0.000000000000000e+00
0.000000000000000e+00
0.000000000000000e+00
0.000000000000000e+00
0.000000000000000e+00
0.000000000000000e+00
0.000000000000000e+00
0.000000000000000e+00
0.000000000000000e+00
0.000000000000000e+00
0.000000000000000e+00
0.000000000000000e+00
0.000000000000000e+00
0.000000000000000e+00
0.000000000000000e+00
0.000000000000000e+00
0.000000000000000e+00
0.000000000000000e+00
0.000000000000000e+00
0.000000000000000e+00
0.000000000000000e+00
0.000000000000000e+00
0.000000000000000e+00
0.000000000000000e+00
0.000000000000000e+00
0.000000000000000e+00
0.000000000000000e+00
0.000000000000000e+00
0.000000000000000e+00
0.000000000000000e+00
0.000000000000000e+00
0.000000000000000e+00
0.000000000000000e+00
0.000000000000000e+00
0.000000000000000e+00
0.000000000000000e+00
0.000000000000000e+00
0.000000000000000e+00
0.000000000000000e+00
0.000000000000000e+00
0.000000000000000e+00
0.000000000000000e+00
0.000000000000000e+00
0.000000000000000e+00
0.000000000000000e+00
0.000000000000000e+00
0.000000000000000e+00
0.000000000000000e+00
0.000000000000000e+00
0.000000000000000e+00
0.000000000000000e+00
0.000000000000000e+00
0.000000000000000e+00
0.000000000000000e+00
0.000000000000000e+00
0.000000000000000e+00
0.000000000000000e+00
0.000000000000000e+00
0.000000000000000e+00
0.000000000000000e+00
0.000000000000000e+00
0.000000000000000e+00
0.000000000000000e+00
0.000000000000000e+00
0.000000000000000e+00
0.000000000000000e+00
0.000000000000000e+00
0.000000000000000e+00
0.000000000000000e+00
0.000000000000000e+00
0.000000000000000e+00
0.000000000000000e+00
0.000000000000000e+00
0.000000000000000e+00
0.000000000000000e+00
0.000000000000000e+00
0.000000000000000e+00
0.000000000000000e+00
0.000000000000000e+00
0.000000000000000e+00
0.000000000000000e+00
0.000000000000000e+00
0.000000000000000e+00
0.000000000000000e+00
0.000000000000000e+00
0.000000000000000e+00
0.000000000000000e+00
0.000000000000000e+00
0.000000000000000e+00
0.000000000000000e+00
0.000000000000000e+00
0.000000000000000e+00
0.000000000000000e+00
0.000000000000000e+00
0.000000000000000e+00
0.000000000000000e+00
0.000000000000000e+00
0.000000000000000e+00
0.000000000000000e+00
0.000000000000000e+00
0.000000000000000e+00
0.000000000000000e+00
0.000000000000000e+00
0.000000000000000e+00
0.000000000000000e+00
0.000000000000000e+00
0.000000000000000e+00
0.000000000000000e+00
0.000000000000000e+00
0.000000000000000e+00
0.000000000000000e+00
0.000000000000000e+00
0.000000000000000e+00
0.000000000000000e+00
0.000000000000000e+00
0.000000000000000e+00
0.000000000000000e+00
0.000000000000000e+00
0.000000000000000e+00
0.000000000000000e+00
0.000000000000000e+00
0.000000000000000e+00
0.000000000000000e+00
0.000000000000000e+00
0.000000000000000e+00
0.000000000000000e+00
0.000000000000000e+00
0.000000000000000e+00
0.000000000000000e+00
0.000000000000000e+00
0.000000000000000e+00
0.000000000000000e+00
0.000000000000000e+00
0.000000000000000e+00
0.000000000000000e+00
0.000000000000000e+00
0.000000000000000e+00
0.000000000000000e+00
0.000000000000000e+00
6.889137589585079e-04
3.813375829749092e-04
3.757427631500368e-04
5.620554331755530e-04
1.051559209051530e-06
4.807493537211144e-04
3.763399400579836e-04
3.821685710534466e-04
7.245102722198243e-04
5.213229833553928e-04
0.000000000000000e+00
1.965843340813956e-04
7.013808926475683e-04
3.803800601760741e-04
1.999774734307315e-04
3.895284448870761e-04
3.737183505234509e-04
3.773209189581543e-04
1.975545941098329e-04
3.834323724420370e-04
3.698457248290642e-04
0.000000000000000e+00
3.833655917276648e-04
1.976925065299057e-04
3.667798168864515e-03
7.323193218776627e-03
7.321495941755533e-03
7.269415364307761e-03
3.883309915723085e-04
3.633990468034665e-03
7.334509562307740e-03
1.454229989837248e-02
0.000000000000000e+00
1.465481433803823e-02
1.463044826938947e-02
7.263723541851386e-03
7.333347093836390e-03
1.464310792627275e-02
1.473444075181068e-02
1.459775466526492e-02
7.191924372963054e-04
7.324744105607290e-03
7.380051832938530e-03
0.000000000000000e+00
1.461892296500216e-02
1.466897099207411e-02
1.464524429797461e-02
7.330284551383547e-03
3.650245303390952e-03
7.301117874592867e-03
7.360229660047708e-03
7.266684966753642e-03
5.305352036278864e-04
3.642317144125350e-03
0.000000000000000e+00
0.000000000000000e+00
0.000000000000000e+00
0.000000000000000e+00
0.000000000000000e+00
0.000000000000000e+00
0.000000000000000e+00
0.000000000000000e+00
0.000000000000000e+00
0.000000000000000e+00
0.000000000000000e+00
0.000000000000000e+00
0.000000000000000e+00
0.000000000000000e+00
0.000000000000000e+00
0.000000000000000e+00
0.000000000000000e+00
0.000000000000000e+00
0.000000000000000e+00
0.000000000000000e+00
0.000000000000000e+00
0.000000000000000e+00
0.000000000000000e+00
0.000000000000000e+00
0.000000000000000e+00
0.000000000000000e+00
0.000000000000000e+00
0.000000000000000e+00
0.000000000000000e+00
0.000000000000000e+00
0.000000000000000e+00
0.000000000000000e+00
0.000000000000000e+00
0.000000000000000e+00
0.000000000000000e+00
0.000000000000000e+00
0.000000000000000e+00
0.000000000000000e+00
0.000000000000000e+00
0.000000000000000e+00
0.000000000000000e+00
0.000000000000000e+00
0.000000000000000e+00
0.000000000000000e+00
0.000000000000000e+00
0.000000000000000e+00
0.000000000000000e+00
0.000000000000000e+00
0.000000000000000e+00
0.000000000000000e+00
0.000000000000000e+00
0.000000000000000e+00
0.000000000000000e+00
0.000000000000000e+00
0.000000000000000e+00
0.000000000000000e+00
0.000000000000000e+00
0.000000000000000e+00
0.000000000000000e+00
0.000000000000000e+00
0.000000000000000e+00
0.000000000000000e+00
0.000000000000000e+00
0.000000000000000e+00
0.000000000000000e+00
0.000000000000000e+00
0.000000000000000e+00
0.000000000000000e+00
0.000000000000000e+00
0.000000000000000e+00
0.000000000000000e+00
0.000000000000000e+00
0.000000000000000e+00
0.000000000000000e+00
0.000000000000000e+00
0.000000000000000e+00
0.000000000000000e+00
0.000000000000000e+00
0.000000000000000e+00
0.000000000000000e+00
0.000000000000000e+00
0.000000000000000e+00
0.000000000000000e+00
0.000000000000000e+00
0.000000000000000e+00
0.000000000000000e+00
0.000000000000000e+00
0.000000000000000e+00
0.000000000000000e+00
0.000000000000000e+00
0.000000000000000e+00
0.000000000000000e+00
0.000000000000000e+00
0.000000000000000e+00
0.000000000000000e+00
0.000000000000000e+00
0.000000000000000e+00
0.000000000000000e+00
0.000000000000000e+00
0.000000000000000e+00
0.000000000000000e+00
0.000000000000000e+00
0.000000000000000e+00
0.000000000000000e+00
0.000000000000000e+00
0.000000000000000e+00
0.000000000000000e+00
0.000000000000000e+00
0.000000000000000e+00
0.000000000000000e+00
0.000000000000000e+00
0.000000000000000e+00
0.000000000000000e+00
0.000000000000000e+00
0.000000000000000e+00
0.000000000000000e+00
0.000000000000000e+00
0.000000000000000e+00
0.000000000000000e+00
0.000000000000000e+00
0.000000000000000e+00
0.000000000000000e+00
0.000000000000000e+00
0.000000000000000e+00
0.000000000000000e+00
0.000000000000000e+00
0.000000000000000e+00
0.000000000000000e+00
0.000000000000000e+00
0.000000000000000e+00
0.000000000000000e+00
0.000000000000000e+00
0.000000000000000e+00
5.027425366734105e-04
0.000000000000000e+00
1.167758979178840e-04
0.000000000000000e+00
0.000000000000000e+00
0.000000000000000e+00
1.006656987636890e-05
0.000000000000000e+00
0.000000000000000e+00
0.000000000000000e+00
0.000000000000000e+00
0.000000000000000e+00
0.000000000000000e+00
0.000000000000000e+00
0.000000000000000e+00
0.000000000000000e+00
0.000000000000000e+00
0.000000000000000e+00
0.000000000000000e+00
0.000000000000000e+00
0.000000000000000e+00
0.000000000000000e+00
0.000000000000000e+00
0.000000000000000e+00
0.000000000000000e+00
0.000000000000000e+00
0.000000000000000e+00
0.000000000000000e+00
0.000000000000000e+00
0.000000000000000e+00
1.075103117319361e-05
4.650926509931373e-04
0.000000000000000e+00
0.000000000000000e+00
0.000000000000000e+00
9.944652616804563e-06
4.780027714705802e-04
0.000000000000000e+00
0.000000000000000e+00
0.000000000000000e+00
0.000000000000000e+00
6.835915597214917e-04
0.000000000000000e+00
0.000000000000000e+00
6.813288746310425e-04
0.000000000000000e+00
0.000000000000000e+00
0.000000000000000e+00
0.000000000000000e+00
0.000000000000000e+00
0.000000000000000e+00
0.000000000000000e+00
0.000000000000000e+00
1.053229974309027e-05
0.000000000000000e+00
0.000000000000000e+00
0.000000000000000e+00
0.000000000000000e+00
0.000000000000000e+00
0.000000000000000e+00
4.980889389821029e-04
5.073310121934744e-04
4.989323077813814e-04
4.989128355806300e-04
5.019412933385381e-04
5.072307612459025e-04
8.619824565244186e-04
8.523856909278529e-04
8.361439079898230e-04
8.518440451504908e-04
8.350332506532448e-04
8.647594185368728e-04
8.682212663405192e-04
8.698774524643341e-04
1.226978935710233e-03
1.211180988998454e-03
1.211597342434882e-03
1.187381344172472e-03
1.194190712686283e-03
1.224671654733821e-03
1.222428552323638e-03
1.254731230929964e-03
1.060848461898736e-05
1.050802018103302e-05
9.253912736619483e-06
8.866356036505414e-06
0.000000000000000e+00
0.000000000000000e+00
0.000000000000000e+00
0.000000000000000e+00
0.000000000000000e+00
0.000000000000000e+00
0.000000000000000e+00
0.000000000000000e+00
0.000000000000000e+00
0.000000000000000e+00
0.000000000000000e+00
0.000000000000000e+00
0.000000000000000e+00
0.000000000000000e+00
0.000000000000000e+00
0.000000000000000e+00
0.000000000000000e+00
5.038637030855176e-04
0.000000000000000e+00
0.000000000000000e+00
0.000000000000000e+00
0.000000000000000e+00
0.000000000000000e+00
0.000000000000000e+00
0.000000000000000e+00
0.000000000000000e+00
0.000000000000000e+00
0.000000000000000e+00
0.000000000000000e+00
0.000000000000000e+00
0.000000000000000e+00
0.000000000000000e+00
0.000000000000000e+00
0.000000000000000e+00
0.000000000000000e+00
0.000000000000000e+00
0.000000000000000e+00
0.000000000000000e+00
0.000000000000000e+00
0.000000000000000e+00
0.000000000000000e+00
0.000000000000000e+00
0.000000000000000e+00
0.000000000000000e+00
0.000000000000000e+00
1.226375364887806e-05
7.366285108817998e-05
2.582811389534106e-05
1.133749239656364e-04
5.362203263159067e-04
3.857642526934390e-04
5.335249120662627e-04
1.112392343769783e-04
2.392994145351433e-05
3.492612206339317e-04
1.132817121428784e-05
3.453281863424067e-05
1.296229293542791e-04
1.479799019486625e-04
5.452917893219279e-04
5.554738604731268e-04
5.317548623429292e-04
2.505782921012918e-04
1.262994173292251e-04
3.007543354108329e-05
1.783011271635782e-05
1.162130150434484e-04
3.289509175233682e-05
9.818512631210166e-06
5.401149761966308e-04
9.476533020459996e-06
1.270368952596517e-05
2.693868863788570e-05
1.046683167371098e-05
1.115520788491571e-04
1.557373442354977e-05
1.219239380804051e-05
1.261733930278023e-05
5.365567724643109e-04
3.170420393923013e-05
2.004675748795070e-05
3.229272594192729e-05
1.178615163748999e-04
5.457943151562388e-04
5.408530757406612e-04
1.243160381735530e-04
4.359548316797182e-05
4.250033549673931e-05
3.118175883454599e-05
5.304536005157078e-04
2.852677302927570e-05
2.858426992414905e-05
3.120613490707269e-05
4.274899422437627e-05
1.246883490604115e-04
5.442669875887716e-04
5.543437396477106e-04
1.583148912649220e-04
8.223294441876121e-05
7.410542723806807e-05
7.406467933435750e-05
7.350886150505757e-05
7.415206763839763e-05
8.472590728739066e-05
1.546155856484609e-04
5.572135422068041e-04
1.261271330341518e-04
6.223179017878929e-04
3.973211658113456e-04
1.122439268764710e-04
3.541739120659975e-04
3.449141166126301e-04
3.472299185322662e-04
3.469769779221016e-04
3.489055544495751e-04
3.486064026600459e-04
2.390699120841110e-05
3.902154013141945e-04
6.316243428161382e-04
5.381461753702296e-04
1.180278528746809e-05
5.478494861183785e-04
8.773276309047893e-06
4.461938888362500e-05
8.630401633779569e-06
3.407869430506307e-05
1.207393967004830e-05
3.329783936793681e-05
2.449798900876121e-05
4.395617225514343e-05
1.155410005656378e-04
5.382520539091703e-04
1.273092604626922e-04
5.301323771930633e-04
5.404588412320813e-04
1.107046128461905e-04
5.302531356297545e-04
4.524048192768028e-05
1.279852395444124e-04
5.299570414246624e-04
1.126566729208701e-04
2.350602831139409e-05
2.966070501167837e-05
3.425464193360645e-05
1.111058445410323e-04
4.477723988417296e-05
2.467414305182649e-05
1.092271230034226e-04
1.085691203969352e-05
2.447649297113004e-05
7.676181354979166e-06
1.192181188937361e-05
8.225625735378016e-06
8.788525805922758e-06
1.132994144224478e-05
8.793220482350100e-06
2.472731001073906e-05
1.179826285916077e-05
1.132680234055538e-04
2.449549596837993e-05
5.295471926220044e-04
1.106289175008679e-04
5.377634183625974e-04
5.394837108998460e-04
1.107869806737557e-04
2.397537396538345e-05
1.137896339436557e-05
8.146905759906839e-06
8.385714558391974e-06
1.107748327370914e-05
2.500707860624507e-05
1.131610926282137e-04
5.279733273457639e-04
5.334375160029691e-04
1.119091900278463e-04
1.302679543647792e-04
2.559034500834123e-05
1.242336855482658e-05
9.245801844483901e-06
9.093811775501140e-06
1.216095774866139e-05
2.523569149634757e-05
1.113723239714276e-04
5.340693296395123e-04
5.331544411387035e-04
1.134045573993436e-04
2.670407413382829e-05
1.341684788357312e-05
1.082357744559486e-05
1.047687275408398e-05
1.417791091982577e-05
2.653952879750609e-05
1.146624594068975e-04
5.322546235872058e-04
5.365323231719587e-04
1.177949694623124e-04
3.023593808844461e-05
1.861127742045063e-05
1.540787303852704e-05
1.570590671303863e-05
1.857334264670650e-05
3.026631977472515e-05
1.177688379661168e-04
5.401712972373285e-04
5.482528790358371e-04
1.303103704840698e-04
4.548732688765261e-05
4.654737195830563e-05
3.536192654340441e-05
3.355229702588743e-05
3.273474602003530e-05
3.548351814361770e-05
4.536061926798894e-05
1.277308998997384e-04
5.443976883925562e-04
5.759456398264714e-04
2.163918704424502e-04
1.546024071154471e-04
1.474295027814223e-04
1.467517395121434e-04
1.442319151612994e-04
1.444544969646050e-04
1.561561475433329e-04
2.199913601101781e-04
5.734443425349375e-04
6.658144819760366e-04
5.885361204000385e-04
5.656597964365167e-04
5.576598613031771e-04
5.514592520848542e-04
5.535986813367593e-04
5.563714228809381e-04
5.595074571919772e-04
5.883637665832547e-04
6.649953919598207e-04
5.912131430901088e-04
3.165859430501762e-04
3.283827867600754e-05
2.608065960563503e-04
2.529500017573993e-04
2.511761306597734e-04
2.526175359450167e-04
2.571388328854694e-04
2.633392254344054e-04
3.172942927952644e-04
5.910851063254439e-04
5.347004370301256e-04
1.129296174356008e-04
3.017632491380022e-05
1.802925151867034e-05
1.527938526206675e-05
1.525327585886932e-05
1.798092801446799e-05
2.988425081890170e-05
1.151789808567255e-04
5.297940044951004e-04
5.328075341635131e-04
1.132354800277894e-04
2.592295062888989e-05
1.291420231272316e-05
9.705950119720778e-06
9.925930836572842e-06
1.292186600044067e-05
2.568083780253604e-05
1.126668981418738e-04
5.447202268282993e-04
5.329976544633689e-04
1.130349156611400e-04
3.033470581945695e-05
2.593547145641983e-05
1.274932888669133e-05
9.639849633114315e-06
9.606642175565317e-06
1.258599336201281e-05
2.563861914550787e-05
1.130403170178837e-04
5.373046399771333e-04
5.336942269641966e-04
1.115758524091988e-04
2.612117694522123e-05
1.334761859221859e-05
1.011709108471859e-05
1.056697054423371e-05
1.348387693289871e-05
2.639473609083045e-05
1.161277284324892e-04
5.344459097941857e-04
5.350325124549581e-04
1.140701494535727e-04
2.792787693773605e-05
1.546621336950954e-05
1.241833373799603e-05
1.233877629463185e-05
1.492166625772229e-05
2.881124037733132e-05
1.146083988282309e-04
5.374996157087137e-04
5.380577113850645e-04
1.169242147381685e-04
3.203843140973996e-05
1.976980318038696e-05
1.674872800599245e-05
1.701847384787622e-05
1.943967685229635e-05
3.154806172688479e-05
1.182920108678933e-04
5.428580911187655e-04
5.444762845463745e-04
1.258429961045512e-04
4.269851077608826e-05
3.021324446592237e-05
2.913744071642408e-05
2.862704003307423e-05
3.165934551288281e-05
4.146768278880548e-05
1.260535357680226e-04
5.486948650393258e-04
5.568879630370463e-04
1.580080436627000e-04
8.250147133022407e-05
7.426957378246394e-05
7.147593060793082e-05
7.254154705301839e-05
7.689595818054840e-05
8.378727879889111e-05
1.600425857389113e-04
5.538790221618778e-04
6.300508661955878e-04
3.863534192871650e-04
3.506782592672593e-04
3.471118714608692e-04
3.486441232720377e-04
3.433925384167749e-04
3.493571666706734e-04
3.489855079729856e-04
3.912615759825341e-04
6.297082981807796e-04
5.424900835976339e-04
5.370046879859402e-04
1.099504873827767e-04
2.576807815662411e-05
1.267229102532349e-05
9.646458250505236e-06
9.551695808883015e-06
1.267553431755567e-05
2.513994862391659e-05
1.114863182958217e-04
5.364614948574381e-04
5.314638284880590e-04
1.128413043365455e-04
2.636933680949015e-05
1.363931004160825e-05
1.058331725808909e-05
1.034308713751912e-05
1.400261831902845e-05
2.657508641098801e-05
1.129513937675619e-04
5.279427958115260e-04
5.363927142349869e-04
1.146173057737786e-04
2.758443869308040e-05
1.529213094174381e-05
1.260637617877507e-05
1.193438221696295e-05
1.569752485490499e-05
2.741495423440665e-05
1.157495928222836e-04
5.283744409447438e-04
5.419137930308535e-04
5.315978493880290e-04
1.179099617138945e-04
3.200629716540268e-05
1.996611579412845e-05
1.728027992777566e-05
1.637488859509733e-05
1.995625163317048e-05
3.208635962798775e-05
1.189133258460788e-04
5.417477321531658e-04
5.435777928948329e-04
1.106939719769380e-04
1.278138874262704e-04
1.256997608242890e-04
3.128270496438745e-05
2.962578385212083e-05
2.849657102310583e-05
3.129825708047855e-05
4.355448413503929e-05
1.261317369186923e-04
4.390433532326977e-05
5.554459096519766e-04
2.461535407528446e-05
1.602745095240935e-04
8.404575567318882e-05
7.579020457998776e-05
7.203361034635045e-05
3.223985173051767e-05
7.428254442366940e-05
8.300228899868534e-05
1.598298453427116e-04
5.620376770025282e-04
6.246935920803573e-04
1.235897114068450e-05
3.080441454696764e-05
3.497374733102387e-04
3.465007960514889e-04
3.432163885766898e-04
3.477455716885320e-04
3.475517149163708e-04
2.896006300239932e-05
3.859774066158794e-04
6.260533886928362e-04
7.952437312007320e-06
8.872522789253971e-06
7.909353621453954e-06
1.117865150303455e-05
2.367301204431806e-05
1.106977557438358e-04
5.288390128819932e-04
8.885386938841884e-06
5.325265635661408e-04
1.126552066142014e-04
2.416457486560540e-05
1.197609735533573e-05
1.169134895858393e-05
4.713623081558188e-05
8.042862686952080e-06
3.111902277133076e-05
8.098651741277540e-06
2.408286731843265e-05
3.027894824036816e-05
1.140968949009192e-05
2.400865227451605e-05
2.940369247422988e-05
1.102825630317647e-04
1.116963748059778e-04
5.322556437612587e-04
5.391455855049136e-04
5.289421300775889e-04
1.121385305218810e-04
2.518437557543172e-05
5.387687479487119e-04
1.212460852107153e-05
8.941809423448644e-06
8.969641368577888e-06
1.086305277280503e-04
1.229688712625172e-05
2.457286084807883e-05
2.473226687986006e-05
1.121117570323095e-04
5.334977619415346e-04
1.113665687034076e-05
5.285294854259198e-04
1.152281365201528e-04
2.668448160264963e-05
1.361564203089746e-05
1.091427015923126e-05
1.069617039482423e-05
1.399886528880923e-05
2.653311788969743e-05
1.130570959269750e-04
5.261531368205874e-04
8.106868326531990e-06
5.353870396448234e-04
1.186997892020352e-04
3.135041825686853e-05
1.820335275913778e-05
1.534272634490272e-05
1.561331358746772e-05
1.882030044979915e-05
3.026420497102565e-05
1.158061201028443e-04
5.342639175265272e-04
8.129235247397337e-06
5.409243710106735e-04
1.295437835634517e-04
4.763454899155854e-05
3.533521089960097e-05
3.263162670899971e-05
3.220027050087026e-05
5.395090754933596e-04
4.631872171598040e-05
1.274193853858774e-04
5.525666014477190e-04
1.106670238020200e-05
5.744979865428031e-04
2.185848011095498e-04
1.542335826397878e-04
1.461591855293322e-04
1.421176242832688e-04
1.429224287712207e-04
8.074736210830820e-06
1.560460629003990e-04
2.210555920617094e-04
5.779577051868089e-04
2.476067059801903e-05
6.745147625658558e-04
5.895089551935012e-04
5.574394656045999e-04
5.499763140155114e-04
5.585868220289444e-04
5.466810449354217e-04
2.403108970227572e-05
5.634064870255520e-04
5.816408278447413e-04
6.695945120372862e-04
1.116609394997475e-04
5.900296726858018e-04
3.230757106762858e-04
2.623035067562494e-04
2.511598283974651e-04
2.478723494867061e-04
2.464439817147621e-04
5.350867337206371e-04
2.576718912701158e-04
3.178389955291272e-04
5.846265236731178e-04
5.390995969842911e-04
5.368967533521210e-04
1.162078070329797e-04
5.296010094583663e-04
3.353904584734116e-05
1.502736518910548e-05
1.500124612576187e-05
1.797175672994991e-05
2.985785293400268e-05
1.124717763072820e-04
5.372591230836399e-04
5.302975872912398e-04
5.312750806127141e-04
1.120015713531738e-04
2.590205501651796e-05
1.298802002709211e-05
2.495650092855420e-05
9.783306881275367e-06
1.270736043252059e-05
2.535654354296596e-05
1.131516073966130e-04
5.274209509419425e-04
1.209647178639479e-05
1.140363964054434e-04
2.584452679582624e-05
1.301117370395147e-05
9.560689627562587e-06
2.902115421771042e-05
9.053430356422707e-06
2.576608003740290e-05
1.135826128445110e-04
5.454211234459343e-04
2.370594791670591e-05
5.296072711061499e-04
1.132314345106683e-04
8.964250869938739e-06
1.364810969651099e-05
5.412792679088035e-04
1.035794093931491e-05
1.338263677484796e-05
2.617398530059929e-05
1.282249830506360e-05
5.378236627786606e-04
1.151420684732741e-05
5.344840357745561e-04
1.149974722860546e-04
2.782100108584245e-05
3.279064000995359e-05
2.523602485591604e-05
5.497427454938517e-04
1.612026319404420e-05
2.787573229687540e-05
1.147107291450164e-04
5.350428398430277e-04
8.196613644739986e-06
1.123364126359705e-04
1.169589468645737e-04
1.275748760637917e-04
2.006231881040538e-05
1.689261852552070e-05
1.701818886726526e-05
5.303831443296712e-04
5.313761908017970e-04
1.155652702803446e-04
2.667723274904230e-05
1.409465085652163e-05
1.073827066233732e-05
1.081661866891165e-05
1.373454120092768e-05
2.595207939009927e-05
1.132084605229839e-04
5.338602045284576e-04
5.355641174013134e-04
1.164779593690367e-04
3.083060551289257e-05
1.166309893310036e-05
1.893144381442385e-05
1.618115184414572e-05
1.565387055241483e-05
1.907284792101384e-05
3.023228564797914e-05
1.164139128626133e-04
5.343751667847310e-04
5.451745637426149e-04
1.279739235727040e-04
4.687394883017106e-05
3.504305227818566e-05
3.291848130909285e-05
3.338049759371386e-05
3.539533052268321e-05
4.576204737966330e-05
1.290917102076890e-04
5.470037810684639e-04
5.725776972523195e-04
2.221746857678794e-04
1.556467001698292e-04
1.114480749371329e-04
1.455728757505764e-04
1.429669573063952e-04
1.457251255141706e-04
1.453992252249260e-04
1.535196670335169e-04
2.172057723218389e-04
5.767418638178398e-04
6.720161719161015e-04
5.851519919577233e-04
5.644328539512946e-04
5.534199794299074e-04
5.501397849743988e-04
5.444882690548166e-04
5.501277110833471e-04
5.623909259076265e-04
5.920417082438978e-04
6.726694899179155e-04
5.934059931140518e-04
3.209840534993763e-04
2.643406044966048e-04
2.552101755894714e-04
2.527728188068563e-04
2.475749177595621e-04
2.515691389840730e-04
2.595393345649433e-04
3.197471657390704e-04
5.930332224035668e-04
5.348698700562566e-04
1.146504070320139e-04
2.992071256470933e-05
1.801948035926210e-05
1.513216699846230e-05
1.479733745458321e-05
1.814904865702964e-05
3.062926917896682e-05
1.130032833975188e-04
5.359549025161098e-04
5.384399626830012e-04
1.130871925730819e-04
2.481875389052666e-05
1.293270917440439e-05
9.526008055243740e-06
9.629587064083980e-06
1.311568420872801e-05
2.532866713491745e-05
1.117067597263269e-04
5.337251571945279e-04
5.320100965734445e-04
1.124354459990979e-04
2.535217519866382e-05
1.274994196208144e-05
9.040880066643629e-06
9.330704975346275e-06
1.294621351748489e-05
2.526621300826778e-05
1.137235561182276e-04
5.414462212205242e-04
5.455099159693254e-04
1.128591823009803e-04
2.709888815544078e-05
1.331497179434155e-05
1.031447674278141e-05
1.045278072146057e-05
1.337178794877709e-05
2.614613202221583e-05
1.119031360276784e-04
5.361799786167479e-04
5.319320068045280e-04
1.145861084550122e-04
2.799894181016832e-05
1.539409802634977e-05
1.245301742914803e-05
1.251715970474890e-05
1.502107368068659e-05
2.843767497315491e-05
1.152477124324632e-04
5.445580058437484e-04
5.392699201754993e-04
1.165098199731920e-04
3.251403452588215e-05
1.946653776259100e-05
1.708239394735937e-05
1.703960423072340e-05
1.961823966167485e-05
3.192351152048196e-05
1.204384704199145e-04
5.360270904897987e-04
5.417355223735825e-04
1.245243996604024e-04
4.242503595938703e-05
3.176681587668944e-05
2.924366056646889e-05
2.963482245096971e-05
3.175310163265693e-05
4.320434540482797e-05
1.281762852035082e-04
5.444036453332750e-04
5.590446790802362e-04
1.617336449924042e-04
8.389301870973496e-05
7.469902136455245e-05
7.280556625567368e-05
7.371756835383933e-05
7.436580036024913e-05
8.255737665831050e-05
1.579118710083848e-04
5.599667580160276e-04
6.309628083772507e-04
3.872721787756706e-04
3.537515727767910e-04
3.480680847693029e-04
3.465877921570277e-04
3.494835618154831e-04
3.466560368559168e-04
3.516112339995598e-04
3.889330032698253e-04
6.370583355713807e-04
1.138204680968615e-05
8.073413940998720e-06
8.184174690206306e-06
1.092732268040248e-05
2.376627996111710e-05
1.127676897401701e-04
5.337523581038579e-04
5.321502847474339e-04
1.119761043376792e-04
2.419579562038356e-05
1.135420082978527e-05
8.371837676383999e-06
8.293924044274227e-06
1.157341055960339e-05
2.400458510945332e-05
1.124217087607876e-04
5.361533408233396e-04
5.373425458523476e-04
1.110974688764218e-04
2.446929134011429e-05
1.253364495657130e-05
8.848874336640900e-06
9.066021291835800e-06
1.206544680585239e-05
2.529812354301540e-05
1.121225087518369e-04
5.393608901291956e-04
5.456165553286116e-04
1.148684637785823e-04
2.652823815627106e-05
1.365503260221530e-05
1.084833722571130e-05
1.092035737487940e-05
1.394392742707609e-05
2.599157534489236e-05
1.144636645222995e-04
5.347440557261426e-04
5.413794264539716e-04
1.167692286949360e-04
3.075465738739499e-05
1.853535294156428e-05
1.590224929261655e-05
1.528490925234425e-05
1.911782525578608e-05
3.171988767685222e-05
1.166121101985147e-04
5.370773848546321e-04
5.436091444033965e-04
1.288050646081845e-04
4.596655528202208e-05
3.490194062821738e-05
3.391020008784050e-05
3.329686857415844e-05
3.536107842011946e-05
4.540408279510511e-05
1.309507903306589e-04
5.448545280067913e-04
5.743105683742178e-04
2.219489112004318e-04
1.570375447145853e-04
1.453740546867018e-04
1.444463690685997e-04
1.434306929250957e-04
1.461220537854656e-04
1.556158775905588e-04
2.185664420397516e-04
5.734158780742554e-04
6.742668761613210e-04
5.851171774789091e-04
5.620096730456115e-04
5.470608120599564e-04
5.538160438475180e-04
5.559653507804496e-04
5.454209350086055e-04
5.549721903080915e-04
5.863557066588515e-04
6.721370978543453e-04
5.933146662634702e-04
3.200352972859610e-04
2.605200583424066e-04
2.539969731191531e-04
2.571856682154790e-04
2.509680288280627e-04
2.532220496476537e-04
2.544537689567905e-04
3.205651168534615e-04
5.903432147358414e-04
5.454582154280629e-04
1.138937495602387e-04
2.902417076295702e-05
1.847015960545811e-05
1.551388553008178e-05
1.547271201089306e-05
1.874860688089761e-05
3.064405115072177e-05
1.154577056169667e-04
5.390221542338847e-04
5.330445637065325e-04
1.142691436648432e-04
2.524656544148316e-05
1.298325409055178e-05
9.739168463938276e-06
9.789234619464081e-06
1.303111336877441e-05
2.505207299036718e-05
1.145133339776183e-04
5.314546297246499e-04
4.300276804106843e-05
1.112883441039153e-04
2.467859626797267e-05
1.198668531789235e-05
5.410268303866526e-04
8.351827311622233e-06
8.482996427913399e-06
4.684361991913406e-07
7.494227238935719e-05
9.885779073758140e-05
7.560756668697978e-05
1.367554811851398e-03
1.396862119176955e-03
1.373224550271423e-03
1.407377604593663e-03
1.341363379232397e-03
1.396162517495154e-03
1.370539983305451e-03
1.224866600392420e-03
2.048863240500657e-03
1.950529858545061e-03
2.059122231149263e-03
1.226149712997703e-03
2.372999276630523e-03
1.382558963083450e-03
2.400616211970401e-03
2.367586945620588e-03
1.365068533930438e-03
7.800161273747107e-05
1.360979214024306e-03
2.375811599777919e-03
2.405264014630169e-03
1.402909378222879e-03
1.212414503668481e-04
1.374697451192154e-03
2.367042573593065e-03
2.506036518320056e-03
1.871373103557540e-03
6.650702582960983e-04
1.861451431919161e-03
2.499578461026363e-03
1.678998343700829e-03
3.282009351088812e-03
3.231196139861748e-03
3.252516407963596e-03
1.695993412038920e-03
1.020521616818284e-04
1.409066096875501e-03
1.185770967793100e-03
1.213840368248624e-03
1.188493330990011e-03
1.214209583270774e-03
1.194073576068672e-03
1.221732619615738e-03
1.200861677258423e-03
2.009383708675039e-03
2.052666650213681e-03
2.031913438186276e-03
2.031794242075832e-03
2.010563048992240e-03
2.046367675274398e-03
2.016810295632272e-03
1.898472218011113e-03
1.933442624888429e-03
1.890438505522221e-03
1.953761720874386e-03
1.897682420122432e-03
1.942037821470638e-03
1.905564214865260e-03
2.008858443289889e-03
2.054914441895679e-03
1.995295434123380e-03
2.039779971625360e-03
1.996705632105903e-03
2.050507377850871e-03
1.998974443701510e-03
1.204171974347561e-03
1.212574618811297e-03
1.185292441744686e-03
1.219564861586160e-03
1.180437171797941e-03
1.219545141567205e-03
1.191018620260920e-03
2.357193117894625e-03
2.380768434439307e-03
2.359117837329016e-03
2.384116050642916e-03
2.376535961866471e-03
2.375530297275059e-03
2.350540731046047e-03
1.337047944708107e-03
1.405446151045284e-03
1.362391733554193e-03
1.377764327137962e-03
1.366108717626462e-03
1.389219279290289e-03
1.380027693327295e-03
2.355943068627517e-03
2.356646898783609e-03
2.382023721464867e-03
2.354940624857252e-03
2.351739852685663e-03
2.363898789743446e-03
2.365841230507592e-03
2.365075797837134e-03
2.375347537746289e-03
2.348385123114841e-03
2.382470930490653e-03
2.369290292431716e-03
2.359534762831684e-03
2.356782962526440e-03
1.342745692295975e-03
1.343860541759707e-03
1.325447096166859e-03
1.388165387676865e-03
1.369944804319425e-03
1.377716162471679e-03
1.335405951172577e-03
5.824198417305990e-05
7.940296317148989e-05
5.973859988678037e-05
7.858468520168194e-05
5.817750571006223e-05
7.742152782958194e-05
5.855732770907420e-05
1.358082181792209e-03
1.336295923894679e-03
1.337147304515061e-03
1.399359147127782e-03
1.355765578031482e-03
1.349175243726570e-03
1.356005117453967e-03
2.342220701718936e-03
2.388565176156615e-03
2.371381294136885e-03
2.348566801840209e-03
2.369006165515116e-03
2.368613798453633e-03
2.380406675508502e-03
2.377419552127660e-03
2.392464483140402e-03
2.371735386478628e-03
2.377970381467524e-03
2.383147214847910e-03
2.372819205229072e-03
2.347494211137104e-03
1.370839771673142e-03
1.390168536388306e-03
1.359615856644100e-03
1.396266291333139e-03
1.381129617042983e-03
1.391383917244741e-03
1.375418844649065e-03
7.360331342537598e-05
1.190492908101379e-04
7.463545147970142e-05
1.211685623174428e-04
7.304109410008170e-05
1.203734580861363e-04
7.306960179094879e-05
1.370089167345812e-03
1.414527947826430e-03
1.374522179195660e-03
1.428119030294409e-03
1.350211453794790e-03
1.383732853845586e-03
1.342430095150712e-03
2.392640865706367e-03
2.382142244859505e-03
2.364453180366210e-03
2.386668649061664e-03
2.368122254671296e-03
2.407563266405495e-03
2.368435188005430e-03
2.418059720068525e-03
2.510696047039949e-03
2.394751972736457e-03
2.509643445421078e-03
2.399616312640073e-03
2.508166987965812e-03
2.417595549004251e-03
1.664160291475884e-03
1.836862084092889e-03
1.656484533665901e-03
1.904522674048667e-03
1.642148469566717e-03
1.894763388557285e-03
1.627120664115123e-03
4.417507594953790e-04
6.635900581280599e-04
4.488775022949143e-04
6.762034621496907e-04
4.311718512835389e-04
6.767143478275777e-04
4.390984052426213e-04
1.633827444038662e-03
1.867157602305086e-03
1.635651585559082e-03
1.854552121268909e-03
1.632193868359907e-03
1.866409122864744e-03
1.655041312936495e-03
2.393237111184933e-03
2.484018402401986e-03
2.421223806289272e-03
2.509126827304962e-03
2.407560469000002e-03
2.496989616268608e-03
2.413805093639075e-03
1.311857683571443e-03
1.684122430974421e-03
1.315525339575266e-03
1.686461576710356e-03
1.322430734648669e-03
1.685538678935813e-03
1.336272095842429e-03
2.466678159976858e-03
3.240855387683022e-03
2.480013351861303e-03
3.259381693348017e-03
2.454147744719819e-03
3.249735634530660e-03
2.492409628467237e-03
2.440289017495055e-03
3.250354104113588e-03
2.447506184933803e-03
3.257946998780211e-03
2.438708393782059e-03
3.237336265769815e-03
2.434382658040515e-03
2.471563257480866e-03
3.277522772809279e-03
2.469459913664473e-03
3.241019782533315e-03
2.477092057548727e-03
3.260162933471941e-03
2.480887917079987e-03
1.324058746628536e-03
1.692475220708894e-03
1.322576011439467e-03
1.688371752317717e-03
1.321516591101958e-03
1.689089113346889e-03
1.326575889966610e-03
7.686668382810157e-05
1.026211352030141e-04
7.651521816248352e-05
1.004383657748990e-04
1.951603712120474e-03
3.829261932159611e-03
1.932514831794576e-03
3.922002676013022e-03
7.636910009052813e-03
3.884716436874762e-03
3.864748049342724e-03
1.981891602567964e-03
3.952503112972794e-03
1.989875507052737e-03
7.664831012032976e-03
3.848674138615022e-03
1.933500802476467e-03
1.925808018123883e-03
1.943433227369481e-03
1.961669365548050e-03
1.950857558620722e-03
1.955286738991203e-03
1.953075066235930e-03
3.806856302281444e-03
3.870171125811733e-03
3.812851705304538e-03
3.850484945839434e-03
3.827699782517259e-03
3.863257686568711e-03
3.844478457807481e-03
1.938146012186680e-03
1.948182185226962e-03
1.933257785417726e-03
1.950945457258824e-03
1.939264704275065e-03
1.941820552268221e-03
1.949054460216449e-03
3.806401382629124e-03
3.878476821739379e-03
3.910164804183181e-03
3.873056405214409e-03
3.916526027809139e-03
3.834805922779253e-03
3.823395510948683e-03
7.779695350724375e-03
7.729388062365141e-03
7.743548389632223e-03
7.601871061733528e-03
7.729180006158076e-03
7.627222120537662e-03
7.634565770587450e-03
3.915268990368566e-03
3.899460584458826e-03
3.851373543210402e-03
3.843438755239702e-03
3.888900418446279e-03
3.848678976212974e-03
3.855084390452118e-03
3.880716411525351e-03
3.893053090146214e-03
3.870780535636035e-03
3.853516295575545e-03
3.868758624885090e-03
3.892711213143545e-03
3.880123919386384e-03
1.945962418643726e-03
2.002892972437171e-03
1.971221301580318e-03
1.987567045307333e-03
1.975337424650566e-03
1.989506766779448e-03
1.978795360713000e-03
3.926561266197465e-03
3.928302608052676e-03
3.914065331378524e-03
3.867398231293894e-03
3.952581450516070e-03
3.926871986363596e-03
3.930412843926495e-03
1.984179244146791e-03
1.960090696706004e-03
1.977805048565011e-03
1.949902465779302e-03
1.982247777210476e-03
1.966732403257290e-03
1.939937024672242e-03
7.526942987510030e-03
7.616301703408619e-03
7.653819861399548e-03
7.596585521342646e-03
7.573330686340859e-03
7.611768649995264e-03
7.685615268023494e-03
3.867329013479828e-03
3.885103299673039e-03
3.827105752135858e-03
3.888845475008133e-03
3.878205093765318e-03
3.890432068096166e-03
3.860830699745038e-03
