0.000000000000000e+00
0.000000000000000e+00
0.000000000000000e+00
0.000000000000000e+00
0.000000000000000e+00
0.000000000000000e+00
0.000000000000000e+00
0.000000000000000e+00
0.000000000000000e+00
0.000000000000000e+00
0.000000000000000e+00
0.000000000000000e+00
0.000000000000000e+00
0.000000000000000e+00
0.000000000000000e+00
0.000000000000000e+00
0.000000000000000e+00
0.000000000000000e+00
0.000000000000000e+00
0.000000000000000e+00
0.000000000000000e+00
0.000000000000000e+00
0.000000000000000e+00
0.000000000000000e+00
0.000000000000000e+00
0.000000000000000e+00
0.000000000000000e+00
0.000000000000000e+00
0.000000000000000e+00
0.000000000000000e+00
0.000000000000000e+00
0.000000000000000e+00
0.000000000000000e+00
0.000000000000000e+00
0.000000000000000e+00
0.000000000000000e+00
0.000000000000000e+00
0.000000000000000e+00
0.000000000000000e+00
0.000000000000000e+00
0.000000000000000e+00
0.000000000000000e+00
0.000000000000000e+00
0.000000000000000e+00
0.000000000000000e+00
0.000000000000000e+00
0.000000000000000e+00
0.000000000000000e+00
0.000000000000000e+00
0.000000000000000e+00
0.000000000000000e+00
0.000000000000000e+00
0.000000000000000e+00
0.000000000000000e+00
0.000000000000000e+00
0.000000000000000e+00
0.000000000000000e+00
0.000000000000000e+00
0.000000000000000e+00
0.000000000000000e+00
0.000000000000000e+00
0.000000000000000e+00
0.000000000000000e+00
0.000000000000000e+00
0.000000000000000e+00
0.000000000000000e+00
0.000000000000000e+00
0.000000000000000e+00
0.000000000000000e+00
0.000000000000000e+00
0.000000000000000e+00
0.000000000000000e+00
0.000000000000000e+00
0.000000000000000e+00
0.000000000000000e+00
0.000000000000000e+00
0.000000000000000e+00
0.000000000000000e+00
0.000000000000000e+00
0.000000000000000e+00
0.000000000000000e+00
0.000000000000000e+00
0.000000000000000e+00
0.000000000000000e+00
0.000000000000000e+00
0.000000000000000e+00
0.000000000000000e+00
0.000000000000000e+00
0.000000000000000e+00
0.000000000000000e+00
0.000000000000000e+00
0.000000000000000e+00
0.000000000000000e+00
0.000000000000000e+00
0.000000000000000e+00
0.000000000000000e+00
0.000000000000000e+00
0.000000000000000e+00
0.000000000000000e+00
0.000000000000000e+00
0.000000000000000e+00
0.000000000000000e+00
0.000000000000000e+00
0.000000000000000e+00
0.000000000000000e+00
0.000000000000000e+00
0.000000000000000e+00
0.000000000000000e+00
0.000000000000000e+00
0.000000000000000e+00
0.000000000000000e+00
0.000000000000000e+00
0.000000000000000e+00
0.000000000000000e+00
0.000000000000000e+00
0.000000000000000e+00
0.000000000000000e+00
0.000000000000000e+00
0.000000000000000e+00
0.000000000000000e+00
0.000000000000000e+00
0.000000000000000e+00
0.000000000000000e+00
0.000000000000000e+00
0.000000000000000e+00
0.000000000000000e+00
0.000000000000000e+00
0.000000000000000e+00
0.000000000000000e+00
0.000000000000000e+00
0.000000000000000e+00
0.000000000000000e+00
0.000000000000000e+00
0.000000000000000e+00
0.000000000000000e+00
0.000000000000000e+00
0.000000000000000e+00
0.000000000000000e+00
0.000000000000000e+00
0.000000000000000e+00
0.000000000000000e+00
0.000000000000000e+00
0.000000000000000e+00
0.000000000000000e+00
0.000000000000000e+00
0.000000000000000e+00
0.000000000000000e+00
0.000000000000000e+00
0.000000000000000e+00
0.000000000000000e+00
0.000000000000000e+00
0.000000000000000e+00
0.000000000000000e+00
0.000000000000000e+00
0.000000000000000e+00
0.000000000000000e+00
0.000000000000000e+00
0.000000000000000e+00
0.000000000000000e+00
0.000000000000000e+00
0.000000000000000e+00
0.000000000000000e+00
0.000000000000000e+00
0.000000000000000e+00
0.000000000000000e+00
0.000000000000000e+00
0.000000000000000e+00
0.000000000000000e+00
0.000000000000000e+00
0.000000000000000e+00
0.000000000000000e+00
0.000000000000000e+00
0.000000000000000e+00
0.000000000000000e+00
0.000000000000000e+00
0.000000000000000e+00
0.000000000000000e+00
0.000000000000000e+00
0.000000000000000e+00
0.000000000000000e+00
0.000000000000000e+00
0.000000000000000e+00
0.000000000000000e+00
0.000000000000000e+00
0.000000000000000e+00
0.000000000000000e+00
0.000000000000000e+00
0.000000000000000e+00
0.000000000000000e+00
0.000000000000000e+00
0.000000000000000e+00
0.000000000000000e+00
0.000000000000000e+00
0.000000000000000e+00
0.000000000000000e+00
0.000000000000000e+00
0.000000000000000e+00
0.000000000000000e+00
0.000000000000000e+00
0.000000000000000e+00
0.000000000000000e+00
0.000000000000000e+00
0.000000000000000e+00
0.000000000000000e+00
0.000000000000000e+00
0.000000000000000e+00
0.000000000000000e+00
0.000000000000000e+00
0.000000000000000e+00
0.000000000000000e+00
0.000000000000000e+00
0.000000000000000e+00
0.000000000000000e+00
0.000000000000000e+00
0.000000000000000e+00
0.000000000000000e+00
0.000000000000000e+00
0.000000000000000e+00
0.000000000000000e+00
0.000000000000000e+00
0.000000000000000e+00
0.000000000000000e+00
0.000000000000000e+00
0.000000000000000e+00
0.000000000000000e+00
0.000000000000000e+00
0.000000000000000e+00
0.000000000000000e+00
0.000000000000000e+00
0.000000000000000e+00
0.000000000000000e+00
0.000000000000000e+00
0.000000000000000e+00
0.000000000000000e+00
0.000000000000000e+00
0.000000000000000e+00
3.295765049303444e-02
1.825808020982509e-02
1.798084343058377e-02
2.637150626176504e-02
2.515397813932743e-04
2.295582675608119e-02
1.768935382721091e-02
1.834534883529102e-02
3.360154838859474e-02
2.470956805853099e-02
0.000000000000000e+00
9.423241704241784e-03
3.304720131746323e-02
1.821776870612465e-02
9.395690126212976e-03
1.825537982155309e-02
1.784990242404861e-02
1.826652483535079e-02
9.359879936246370e-03
1.830003624214961e-02
1.776722214634148e-02
0.000000000000000e+00
1.818943060596658e-02
9.319960358459303e-03
9.638603489564189e-03
1.943342408297977e-02
1.940501382274898e-02
1.943030085099314e-02
1.833076651576472e-02
9.726566687469478e-03
1.943820528638647e-02
3.887508694211383e-02
0.000000000000000e+00
3.876677297528679e-02
3.857335200809275e-02
1.939362562990489e-02
1.931966734083896e-02
3.867040690510463e-02
3.877337100006224e-02
3.859548335781397e-02
3.375522558463366e-02
1.933231427966337e-02
1.947698883144686e-02
0.000000000000000e+00
3.855897641719659e-02
3.869232883595772e-02
3.884172617814926e-02
1.946335159545894e-02
9.688016628624582e-03
1.942610966168156e-02
1.941971555778400e-02
1.947241008838323e-02
2.483311851339081e-02
9.686965137990260e-03
0.000000000000000e+00
0.000000000000000e+00
0.000000000000000e+00
0.000000000000000e+00
0.000000000000000e+00
0.000000000000000e+00
0.000000000000000e+00
0.000000000000000e+00
0.000000000000000e+00
0.000000000000000e+00
0.000000000000000e+00
0.000000000000000e+00
0.000000000000000e+00
0.000000000000000e+00
0.000000000000000e+00
0.000000000000000e+00
0.000000000000000e+00
0.000000000000000e+00
0.000000000000000e+00
0.000000000000000e+00
0.000000000000000e+00
0.000000000000000e+00
0.000000000000000e+00
0.000000000000000e+00
0.000000000000000e+00
0.000000000000000e+00
0.000000000000000e+00
0.000000000000000e+00
0.000000000000000e+00
0.000000000000000e+00
0.000000000000000e+00
0.000000000000000e+00
0.000000000000000e+00
0.000000000000000e+00
0.000000000000000e+00
0.000000000000000e+00
0.000000000000000e+00
0.000000000000000e+00
0.000000000000000e+00
0.000000000000000e+00
0.000000000000000e+00
0.000000000000000e+00
0.000000000000000e+00
0.000000000000000e+00
0.000000000000000e+00
0.000000000000000e+00
0.000000000000000e+00
0.000000000000000e+00
0.000000000000000e+00
0.000000000000000e+00
0.000000000000000e+00
0.000000000000000e+00
0.000000000000000e+00
0.000000000000000e+00
0.000000000000000e+00
0.000000000000000e+00
0.000000000000000e+00
0.000000000000000e+00
0.000000000000000e+00
0.000000000000000e+00
0.000000000000000e+00
0.000000000000000e+00
0.000000000000000e+00
0.000000000000000e+00
0.000000000000000e+00
0.000000000000000e+00
0.000000000000000e+00
0.000000000000000e+00
0.000000000000000e+00
0.000000000000000e+00
0.000000000000000e+00
0.000000000000000e+00
0.000000000000000e+00
0.000000000000000e+00
0.000000000000000e+00
0.000000000000000e+00
0.000000000000000e+00
0.000000000000000e+00
0.000000000000000e+00
0.000000000000000e+00
0.000000000000000e+00
0.000000000000000e+00
0.000000000000000e+00
0.000000000000000e+00
0.000000000000000e+00
0.000000000000000e+00
0.000000000000000e+00
0.000000000000000e+00
0.000000000000000e+00
0.000000000000000e+00
0.000000000000000e+00
0.000000000000000e+00
0.000000000000000e+00
0.000000000000000e+00
0.000000000000000e+00
0.000000000000000e+00
0.000000000000000e+00
0.000000000000000e+00
0.000000000000000e+00
0.000000000000000e+00
0.000000000000000e+00
0.000000000000000e+00
0.000000000000000e+00
0.000000000000000e+00
0.000000000000000e+00
0.000000000000000e+00
0.000000000000000e+00
0.000000000000000e+00
0.000000000000000e+00
0.000000000000000e+00
0.000000000000000e+00
0.000000000000000e+00
0.000000000000000e+00
0.000000000000000e+00
0.000000000000000e+00
0.000000000000000e+00
0.000000000000000e+00
0.000000000000000e+00
0.000000000000000e+00
0.000000000000000e+00
0.000000000000000e+00
0.000000000000000e+00
0.000000000000000e+00
0.000000000000000e+00
0.000000000000000e+00
0.000000000000000e+00
0.000000000000000e+00
0.000000000000000e+00
0.000000000000000e+00
0.000000000000000e+00
0.000000000000000e+00
0.000000000000000e+00
0.000000000000000e+00
7.910531946827568e-03
0.000000000000000e+00
5.222386032912108e-03
0.000000000000000e+00
0.000000000000000e+00
0.000000000000000e+00
2.056653154204598e-04
0.000000000000000e+00
0.000000000000000e+00
0.000000000000000e+00
0.000000000000000e+00
0.000000000000000e+00
0.000000000000000e+00
0.000000000000000e+00
0.000000000000000e+00
0.000000000000000e+00
0.000000000000000e+00
0.000000000000000e+00
0.000000000000000e+00
0.000000000000000e+00
0.000000000000000e+00
0.000000000000000e+00
0.000000000000000e+00
0.000000000000000e+00
0.000000000000000e+00
0.000000000000000e+00
0.000000000000000e+00
0.000000000000000e+00
0.000000000000000e+00
0.000000000000000e+00
2.126634309920175e-04
2.098572614768865e-02
0.000000000000000e+00
0.000000000000000e+00
0.000000000000000e+00
1.980359718116507e-04
2.083616690398023e-02
0.000000000000000e+00
0.000000000000000e+00
0.000000000000000e+00
0.000000000000000e+00
1.936985848119297e-02
0.000000000000000e+00
0.000000000000000e+00
1.940334837658034e-02
0.000000000000000e+00
0.000000000000000e+00
0.000000000000000e+00
0.000000000000000e+00
0.000000000000000e+00
0.000000000000000e+00
0.000000000000000e+00
0.000000000000000e+00
2.006640360679940e-04
0.000000000000000e+00
0.000000000000000e+00
0.000000000000000e+00
0.000000000000000e+00
0.000000000000000e+00
0.000000000000000e+00
7.846811612289360e-03
7.865829395574732e-03
7.830242593988098e-03
7.887420255082433e-03
7.864526650983165e-03
7.912587836340829e-03
9.220317764138451e-03
9.261922189494457e-03
9.196296969213988e-03
9.225501051100420e-03
9.160499009127975e-03
9.234862223076963e-03
9.228465987134331e-03
9.332618218768528e-03
1.023794942424415e-02
1.030308195744766e-02
1.020702029965361e-02
1.019654386665132e-02
1.020132065487805e-02
1.027830403470628e-02
1.024575908855524e-02
1.027994006872557e-02
2.080961272105706e-04
1.990230202819712e-04
2.022999431298751e-04
2.027804580341582e-04
0.000000000000000e+00
0.000000000000000e+00
0.000000000000000e+00
0.000000000000000e+00
0.000000000000000e+00
0.000000000000000e+00
0.000000000000000e+00
0.000000000000000e+00
0.000000000000000e+00
0.000000000000000e+00
0.000000000000000e+00
0.000000000000000e+00
0.000000000000000e+00
0.000000000000000e+00
0.000000000000000e+00
0.000000000000000e+00
0.000000000000000e+00
7.874562604732660e-03
0.000000000000000e+00
0.000000000000000e+00
0.000000000000000e+00
0.000000000000000e+00
0.000000000000000e+00
0.000000000000000e+00
0.000000000000000e+00
0.000000000000000e+00
0.000000000000000e+00
0.000000000000000e+00
0.000000000000000e+00
0.000000000000000e+00
0.000000000000000e+00
0.000000000000000e+00
0.000000000000000e+00
0.000000000000000e+00
0.000000000000000e+00
0.000000000000000e+00
0.000000000000000e+00
0.000000000000000e+00
0.000000000000000e+00
0.000000000000000e+00
0.000000000000000e+00
0.000000000000000e+00
0.000000000000000e+00
0.000000000000000e+00
0.000000000000000e+00
2.763739158387327e-04
2.623087056404319e-04
3.564034624082635e-04
9.962234513884222e-04
4.313163912331055e-03
1.845496904905533e-03
4.243155509562106e-03
8.848991544339611e-04
2.324037325604892e-04
1.405107160226117e-03
1.424188098002107e-04
1.574024107417976e-04
1.849260589801597e-03
5.250001123220588e-04
4.578172984996488e-03
3.278494643573083e-03
4.350869985605512e-03
3.303118421134530e-03
1.884457581781405e-03
6.092272291244819e-04
5.372489426171493e-04
1.199627224393433e-03
1.313936323593121e-03
1.350543148213800e-04
4.195764143096884e-03
8.598387262774249e-05
1.076558846748485e-04
1.871923790337156e-04
7.272778428893424e-05
8.517686219585862e-04
9.588209700004851e-05
7.299804198650984e-05
7.411501221571590e-05
4.262839288328386e-03
2.017002794848054e-04
1.074756702075838e-04
1.966976864903957e-04
8.573106590794374e-04
4.259098405402550e-03
4.256397322537121e-03
8.745024800626681e-04
1.375340202702149e-03
2.307910419165750e-04
1.427573186463433e-04
4.332421584262546e-03
1.196093233778367e-04
1.210046317239643e-04
1.419998073341131e-04
2.287584926309831e-04
8.891115508789059e-04
4.262354625799019e-03
4.310164678910670e-03
9.866866668883556e-04
3.549159517689574e-04
2.770506701730685e-04
2.584914308156937e-04
2.607637095260243e-04
2.772938969596360e-04
3.545424504183096e-04
9.955608008679932e-04
4.294787933369510e-03
1.871698769347865e-03
4.591460762848725e-03
1.883364875106475e-03
9.964470978801512e-04
1.374356473748363e-03
1.344625399529238e-03
1.313271249864968e-03
1.319262869399567e-03
1.319957284978329e-03
1.395746663956771e-03
3.538678638030284e-04
1.861138917983658e-03
4.606164789412511e-03
4.564814262085397e-03
2.765996130598385e-04
4.579581142009418e-03
2.539206855441700e-04
1.386977594052548e-03
2.588899915651988e-04
1.320266311901009e-03
2.761123069834449e-04
1.326351499570160e-03
3.619818166925389e-04
1.373571168731440e-03
9.786551859509870e-04
4.293295031761906e-03
1.878899608882722e-03
4.231297041295953e-03
4.583838449899865e-03
8.834491329533283e-04
4.308087395500253e-03
1.378479478537795e-03
1.863629532746189e-03
4.281191025769585e-03
8.889545140079213e-04
2.340114697670093e-04
1.297867062637384e-03
1.317986162618288e-03
8.633431547025774e-04
1.381680977143571e-03
2.282566950484319e-04
9.862038300275057e-04
1.419780451555506e-04
3.537629896391087e-04
1.188591795299197e-04
2.767296400045107e-04
1.204575389382889e-04
2.595736050095971e-04
1.379105978723129e-04
2.580644184912892e-04
2.271678694929522e-04
2.702740409811376e-04
8.766522949749261e-04
3.531997824433803e-04
4.289187571385734e-03
9.819791785203357e-04
4.192752822491840e-03
4.286457647154684e-03
8.539132116816420e-04
2.011127594207655e-04
1.058728859138406e-04
8.380966667918191e-05
8.556566521929916e-05
1.077703939617488e-04
1.995335278247362e-04
8.624677571413089e-04
4.257641966802005e-03
4.248885271572773e-03
8.644003804542011e-04
1.867302488212397e-03
1.892963738631508e-04
9.582724825194789e-05
7.480475555200499e-05
7.456045487364051e-05
9.548895344971023e-05
1.880638797370128e-04
8.673529774871049e-04
4.238120760669407e-03
4.252134306809471e-03
8.504428088911557e-04
1.877924059763277e-04
9.650479738162915e-05
7.282491405094610e-05
7.280222959501238e-05
9.709346425928314e-05
1.884162348099137e-04
8.524841161394525e-04
4.227320525420267e-03
4.222712756325696e-03
8.582986101539768e-04
1.996474075707687e-04
1.046756869964516e-04
8.477947805823533e-05
8.476380563833330e-05
1.060706682436367e-04
1.973047118289873e-04
8.737940745119725e-04
4.263365785946883e-03
4.293325518327661e-03
8.951963865297885e-04
1.389464753684951e-03
2.448417498540616e-04
1.567982524372411e-04
1.344483182574897e-04
1.330832171183564e-04
1.539123342745774e-04
2.390419619142070e-04
8.959353164186903e-04
4.275965097906175e-03
4.347285060937310e-03
1.192846813234739e-03
6.052269082101176e-04
5.350780018872224e-04
5.184018745519632e-04
5.054310783958867e-04
5.267460751938184e-04
6.099392996522624e-04
1.205606179664242e-03
4.384480786414998e-03
5.015493436750820e-03
3.653634823401681e-03
3.336509361091371e-03
3.273246925201772e-03
3.291873117279665e-03
3.289831415519090e-03
3.274490914744155e-03
3.366215657106559e-03
3.615253194019005e-03
5.010428872802626e-03
5.022072357059389e-03
3.614936291540069e-03
1.311542531166810e-03
3.365673664388838e-03
3.282478117973828e-03
3.271287122511150e-03
3.286860251227528e-03
3.276917257581031e-03
3.350425538243894e-03
3.661871803266032e-03
5.024606301021378e-03
4.378784465615224e-03
1.216086360533170e-03
6.044724979112782e-04
5.295842982911084e-04
5.158139988730722e-04
5.132061095653787e-04
5.305475918237114e-04
6.080969294166366e-04
1.187809508406118e-03
4.391877371190326e-03
4.264154239717378e-03
9.098243183904236e-04
2.475492771195074e-04
1.552275317091260e-04
1.337296632568503e-04
1.324964986696880e-04
1.586057067624906e-04
2.454568920729077e-04
8.954569367071837e-04
4.241537807772884e-03
4.212638826572588e-03
8.646930833821809e-04
1.288772750936199e-03
1.994066606506025e-04
1.073243595354085e-04
8.462211749832119e-05
8.376041087707364e-05
1.069096631288462e-04
1.981582874053108e-04
8.650128649613509e-04
4.255295743532896e-03
4.232436627780832e-03
8.730216320642123e-04
1.886815810394862e-04
9.676121724631473e-05
7.248847429579865e-05
7.186092749877131e-05
9.832354199772392e-05
1.865452750250150e-04
8.550541873533694e-04
4.212689357719573e-03
4.229393611891567e-03
8.612555552158070e-04
1.914555920175030e-04
9.681528798682631e-05
7.534005520106706e-05
7.413054246430530e-05
9.651858117892799e-05
1.939313139415740e-04
8.571942233974819e-04
4.242787152609582e-03
4.229525093600260e-03
8.650502261133809e-04
1.972527768058695e-04
1.055376092354463e-04
8.582689713699245e-05
8.651139692247077e-05
1.076965566872254e-04
1.980044129279516e-04
8.718792084484893e-04
4.231518471803827e-03
4.261529709021464e-03
8.836642260831346e-04
2.315303935978583e-04
1.406346395685714e-04
1.204944127207637e-04
1.182256791124446e-04
1.420816329576306e-04
2.323196101620393e-04
8.944635547934251e-04
4.267764513897857e-03
4.301499947011394e-03
9.898674682888710e-04
3.612710346250678e-04
2.750920011806260e-04
2.577608675249239e-04
2.602073850481410e-04
2.739693493450887e-04
3.532080042471128e-04
9.884591643830726e-04
4.306279992062889e-03
4.577811141693476e-03
1.857702657292897e-03
1.391900345526408e-03
1.341555009629191e-03
1.334986679509561e-03
1.320413538689113e-03
1.334102173803480e-03
1.403473588760855e-03
1.880753279376923e-03
4.557178821110975e-03
4.258633183095179e-03
4.253565228020178e-03
8.680626798919879e-04
1.984747093347167e-04
1.055056930873048e-04
8.570890439062413e-05
8.390517484884201e-05
1.087688059070403e-04
1.984701692958256e-04
8.610108316958263e-04
4.192385204200600e-03
4.250774968592366e-03
8.684849129519716e-04
1.908057180289844e-04
9.480228856826430e-05
7.342329264571952e-05
7.355949276321724e-05
9.641627816483560e-05
1.912915231750259e-04
8.633198826751667e-04
4.255086366634167e-03
4.219734574751926e-03
8.490698054402802e-04
1.893954027401136e-04
9.622972422103284e-05
7.432685743926215e-05
7.313489000648391e-05
9.614719823330004e-05
1.910673048503418e-04
8.526967288782397e-04
4.255282951262464e-03
4.229907182937579e-03
4.310314056367764e-03
8.766335262631896e-04
1.991086139698907e-04
1.088939696485094e-04
8.404374361385453e-05
8.362264425205007e-05
1.066878213209378e-04
2.041904672087820e-04
8.593737274570618e-04
4.584102420582643e-03
4.237188234372862e-03
9.771433141785692e-04
8.964687054112189e-04
1.865587228573374e-03
1.440300928956681e-04
1.196460376766251e-04
1.174333636333421e-04
1.395090745326687e-04
2.314404206662777e-04
8.900457013908897e-04
1.379221650562165e-03
4.321054862958990e-03
3.546805475522887e-04
9.775370290372452e-04
3.489451343630983e-04
2.744034198718552e-04
2.558650324818718e-04
1.308856003810860e-03
2.757196927720529e-04
3.587782416511338e-04
9.934559771430818e-04
4.261644302247147e-03
4.600040011492041e-03
2.772458682376024e-04
1.301781342889813e-03
1.391925624739952e-03
1.342541479708840e-03
1.314285083463050e-03
1.329552555923477e-03
1.323321606460282e-03
1.301619292250434e-03
1.900919055616230e-03
4.604665206277832e-03
1.201208421206204e-04
2.536053249157436e-04
1.187906327594635e-04
1.389120641400478e-04
2.329125904438720e-04
8.992727433901566e-04
4.233369221228403e-03
2.550299724893943e-04
4.235945705365293e-03
8.526623979162532e-04
2.018091271008353e-04
2.749395783195843e-04
1.065162142511871e-04
1.367537430814321e-03
8.539677802840565e-05
1.304136891495335e-03
8.435057711122760e-05
3.551074392146937e-04
1.289849357628053e-03
1.070437327751240e-04
2.009227230667295e-04
1.312246454911145e-03
9.920342556229225e-04
8.617953319496734e-04
4.245134752474723e-03
4.218594451058840e-03
4.312950707823851e-03
8.582465093517639e-04
1.898934776376671e-04
4.269519976016693e-03
9.747050310499022e-05
7.327907217756698e-05
7.349087071016555e-05
8.962674202111113e-04
9.609559162066821e-05
1.928910081500047e-04
2.256812202754002e-04
8.470679158441813e-04
4.248033729413452e-03
1.415727724511608e-04
4.206966646566624e-03
8.698790563851853e-04
1.885565489769819e-04
9.642569662083418e-05
7.444270659897584e-05
7.325444716190851e-05
9.445539266392133e-05
1.909817911665743e-04
8.526137344071780e-04
4.280597276398658e-03
1.189222975596266e-04
4.228421265036669e-03
8.683455200130396e-04
1.981467982844747e-04
1.076866130892196e-04
8.238461226474555e-05
8.318258679163148e-05
1.072590619827558e-04
1.999472526398926e-04
8.621159235380933e-04
4.251722570294223e-03
1.225478079406469e-04
4.261517420383726e-03
9.081704012135513e-04
2.466842271116348e-04
1.557222065613764e-04
1.354365898732544e-04
1.376484282010354e-04
4.574193212296046e-03
2.449994487921921e-04
8.925421079294046e-04
4.273226645494836e-03
1.419954451405172e-04
4.380001309355391e-03
1.201455935690699e-03
5.977584560985646e-04
5.292730894847046e-04
5.126899086123913e-04
5.153954197732083e-04
8.601861751284965e-05
6.109271888219498e-04
1.206490865051779e-03
4.376432299480323e-03
2.328696337227628e-04
5.033072198732989e-03
3.630646928769715e-03
3.353302523221644e-03
3.268351439142893e-03
3.287677991239191e-03
3.284274298795988e-03
2.026160935697818e-04
3.348769896125044e-03
3.652623277135420e-03
5.018341916118080e-03
8.879379272177784e-04
5.034851700919094e-03
3.674499117203122e-03
3.364474263127647e-03
3.286749619912373e-03
3.272704722637095e-03
3.294139254556521e-03
4.253125556678158e-03
3.340174581598784e-03
3.645211113322083e-03
5.013772523834805e-03
4.265689211442703e-03
4.388951768869830e-03
1.198477456134253e-03
4.247259108754289e-03
1.315933193125417e-03
5.129878183679643e-04
5.189815526352609e-04
5.325450122042667e-04
6.060914734715220e-04
8.575495236724089e-04
4.391754484812946e-03
4.269075268347731e-03
4.271261739326247e-03
8.999825549154566e-04
2.391065454625922e-04
1.503453247656166e-04
1.874238727523609e-04
1.346959539286010e-04
1.566650242772565e-04
2.492330660105529e-04
8.901089114909485e-04
4.261155912835843e-03
9.648387668935982e-05
8.777899340800544e-04
2.015231098968710e-04
1.077063722785880e-04
8.435273223946476e-05
1.289605242139627e-03
7.414701387649195e-05
1.969650797770231e-04
8.666890930665751e-04
4.220491904021923e-03
1.964537740288996e-04
4.234670205204011e-03
8.380558410665471e-04
7.248931158515273e-05
9.717738992621181e-05
4.601505414754543e-03
7.320149385643711e-05
9.769618511219168e-05
1.892656134471190e-04
9.496007511749896e-05
4.262529856401082e-03
1.061100308110086e-04
4.262193362610343e-03
8.585364381029863e-04
1.900106719163682e-04
1.319812733476604e-03
1.894176171388662e-04
4.590540558765431e-03
9.685788324655403e-05
1.880500413795053e-04
8.452481524211158e-04
4.214892985785202e-03
8.720988038447345e-05
8.444968037893629e-04
8.595308146913157e-04
1.860776835455115e-03
1.067195449344973e-04
8.469267591415850e-05
8.503330001760678e-05
4.209186088698851e-03
4.206703313818592e-03
8.500625829948056e-04
1.939290381513371e-04
9.460519348724885e-05
7.216523811111698e-05
7.202539347661251e-05
9.600730690784791e-05
1.893586900151775e-04
8.547590921700923e-04
4.214126926881842e-03
4.232441261201619e-03
8.771158552944064e-04
1.993975092248553e-04
1.081489898718687e-04
1.067915313588696e-04
8.421810440028421e-05
8.439193322468068e-05
1.065934096016224e-04
2.010846944888823e-04
8.559791675533797e-04
4.257940218083500e-03
4.210985400437594e-03
9.052203685104488e-04
2.399774554467086e-04
1.574241729203601e-04
1.375536665619210e-04
1.331784026483218e-04
1.574889768080491e-04
2.447552908097577e-04
9.028830049798172e-04
4.223615400415718e-03
4.368474802185729e-03
1.200295985657218e-03
6.101838416546262e-04
8.729840778529827e-04
5.307483114862727e-04
5.119199518018236e-04
5.155085031500430e-04
5.365986898548750e-04
6.087573618547417e-04
1.208372260525795e-03
4.404169702234760e-03
5.033591544767229e-03
3.648928644478666e-03
3.310564252793471e-03
3.273375108116320e-03
3.288946037636599e-03
3.267817806727896e-03
3.284408139184466e-03
3.350668700502523e-03
3.644648622753710e-03
5.010747135089835e-03
5.013326540296350e-03
3.683654739889414e-03
3.347099740990722e-03
3.292565729748457e-03
3.271491588991109e-03
3.262541641503241e-03
3.300048209079779e-03
3.352415424594113e-03
3.645652513803021e-03
5.001915969372891e-03
4.364849654053015e-03
1.204067107529400e-03
6.107451497354034e-04
5.276452751706781e-04
5.161755688504245e-04
5.147988768146815e-04
5.472474638666490e-04
6.061077680876482e-04
1.198230772643705e-03
4.373240107587040e-03
4.279388524357111e-03
9.094158051244170e-04
2.433658731299911e-04
1.584609501353658e-04
1.348371027619364e-04
1.344741561885533e-04
1.566144212576913e-04
2.448866182809392e-04
9.059448105655151e-04
4.271277519817332e-03
4.242186318805425e-03
8.740553213812614e-04
2.035524915426633e-04
1.061153210527671e-04
8.513376005080890e-05
8.478572782519968e-05
1.068137588730568e-04
1.957375852546095e-04
8.713775399218158e-04
4.233178310861795e-03
4.233674086885947e-03
8.631647470176028e-04
1.926735993590400e-04
9.573541083016405e-05
7.293169992063412e-05
7.368829839860612e-05
9.701476588002610e-05
1.878902827935025e-04
8.510431348656796e-04
4.199093658838113e-03
4.230813889664667e-03
8.685153533513957e-04
1.918064634724257e-04
9.701392281988073e-05
7.372908740066086e-05
7.469372657686852e-05
9.615214642452037e-05
1.909525017777034e-04
8.628511223481190e-04
4.226764716378969e-03
4.256541462214195e-03
8.656938057424569e-04
2.032184991276392e-04
1.065779396840328e-04
8.510248393588290e-05
8.620277290594640e-05
1.068531597374982e-04
2.015788064266734e-04
8.713984406786244e-04
4.248188378226079e-03
4.285224754319329e-03
8.937063430377245e-04
2.312920368345199e-04
1.431476796260463e-04
1.208080400133344e-04
1.210015608760733e-04
1.423880777135179e-04
2.320973192816453e-04
8.942339696328439e-04
4.269215815444921e-03
4.289019895274084e-03
9.898317355492190e-04
3.559929262176020e-04
2.728578959923534e-04
2.529169723401548e-04
2.559656273417430e-04
2.787800934323808e-04
3.531216637663390e-04
9.869152657682443e-04
4.309113295298300e-03
4.614034990373448e-03
1.870840172133887e-03
1.382242143577653e-03
1.337432664808436e-03
1.325587292566184e-03
1.310430954528989e-03
1.351353342128928e-03
1.385867665237947e-03
1.887149951801225e-03
4.544767263420073e-03
1.402275863127606e-04
1.188222997143449e-04
1.185136185145250e-04
1.427584061781924e-04
2.256020292804142e-04
8.855610956716792e-04
4.243817988008031e-03
4.193816864072591e-03
8.646235233132363e-04
1.956553346910064e-04
1.100521690337603e-04
8.457789225236342e-05
8.237949698288659e-05
1.071777557304542e-04
1.966725415789039e-04
8.648536414850857e-04
4.230136839446126e-03
4.246193589850969e-03
8.698719089978671e-04
1.880338265052222e-04
9.676964627391620e-05
7.431214244609645e-05
7.411959474861555e-05
9.555772082177886e-05
1.885814525644745e-04
8.608348750232969e-04
4.232350405863588e-03
4.228051833667730e-03
8.622840403283499e-04
1.853336145046594e-04
9.471445397716442e-05
7.382279246035229e-05
7.319421374091926e-05
9.803466877668968e-05
1.836900784566962e-04
8.605893289032492e-04
4.253204694162170e-03
4.261457219489016e-03
8.735492964317835e-04
1.987954551606491e-04
1.059852106939298e-04
8.165944781153387e-05
8.524198389676227e-05
1.073871226614512e-04
1.981145385119430e-04
8.699840176355917e-04
4.229602384431061e-03
4.274803452309290e-03
8.961793054743253e-04
2.427844575138985e-04
1.594717582649602e-04
1.380649833270097e-04
1.342562731434682e-04
1.580787863023780e-04
2.435773285628167e-04
9.009766964751954e-04
4.277874973809047e-03
4.357193597713646e-03
1.197584914076687e-03
6.077315491431825e-04
5.302919998052668e-04
5.108895932805818e-04
5.056997496504756e-04
5.363943230522199e-04
6.030280552119682e-04
1.199320360992869e-03
4.376384219345785e-03
5.045875414782400e-03
3.665118471429067e-03
3.321507763150227e-03
3.288289292209509e-03
3.269999358893765e-03
3.271369869362805e-03
3.290951410692166e-03
3.362542764594438e-03
3.653504852591069e-03
5.016498016098146e-03
5.048762741018137e-03
3.668817569629043e-03
3.348572161535430e-03
3.315971505214542e-03
3.238285280779956e-03
3.235607415381727e-03
3.276102816363515e-03
3.328325438931352e-03
3.666153621280930e-03
5.018402721372025e-03
4.349192955884917e-03
1.201695484384747e-03
6.036016980968139e-04
5.359836132132026e-04
5.254105288999552e-04
5.221973512618477e-04
5.299586605388929e-04
6.065769648963644e-04
1.199779539707910e-03
4.399153352723155e-03
4.221048753904122e-03
9.044418027285150e-04
2.444006158787592e-04
1.556114844874129e-04
1.358158798521810e-04
1.337600296852224e-04
1.566575269701393e-04
2.452888917477116e-04
8.909209058929586e-04
4.264353443235684e-03
2.296496916680315e-04
1.004131865480029e-03
3.557505519342928e-04
2.776153767252968e-04
4.272993698586022e-03
2.567080283616044e-04
2.633648144816332e-04
7.883927574939108e-05
1.632414980850904e-03
1.163104841138577e-03
1.607582723486466e-03
8.682639667708710e-03
8.268131292412807e-03
8.598430266710923e-03
8.166244115245174e-03
8.633913540301861e-03
8.131318060867079e-03
8.639656866819757e-03
6.726039644540245e-03
1.226673481928992e-02
1.205001401576701e-02
1.231490554056163e-02
6.746690129475249e-03
1.292901537114190e-02
8.170169663492209e-03
1.293032515190190e-02
1.290946542437022e-02
7.524894538163344e-03
3.046405777976056e-04
7.578469003215021e-03
1.294540733946798e-02
1.297747168572672e-02
7.534703624270336e-03
3.616009234828692e-04
7.590130114616081e-03
1.306894017977432e-02
1.316542539266418e-02
8.586143945683305e-03
1.608563600620122e-03
8.723762955964214e-03
1.309154254357889e-02
7.710244497647400e-03
1.450865683185167e-02
1.408412576303541e-02
1.437915614557237e-02
7.732555325273065e-03
1.150719646520746e-03
8.121285630447972e-03
7.630922818371122e-03
6.713545021030315e-03
7.586563421451408e-03
6.736963001195355e-03
7.630533946780187e-03
6.739113647101560e-03
7.546151329711115e-03
1.408455069472725e-02
1.223630801794856e-02
1.408297580171703e-02
1.227216780734166e-02
1.413861069527163e-02
1.226728404753068e-02
1.399322751549967e-02
1.375680191493938e-02
1.202972614637182e-02
1.376955758806246e-02
1.200777064839966e-02
1.369006991145018e-02
1.192294916580087e-02
1.378616860303501e-02
1.412562308250512e-02
1.229637232747296e-02
1.416005383091625e-02
1.234077003405295e-02
1.407224144162429e-02
1.234735325202717e-02
1.410430471346661e-02
7.575972462374456e-03
6.742004431615129e-03
7.612528440028482e-03
6.712980113025010e-03
7.601034131775735e-03
6.703413677150073e-03
7.540969654373769e-03
1.318903320877941e-02
1.294361951055467e-02
1.322882945846125e-02
1.301523688547947e-02
1.318033392767731e-02
1.295096133366838e-02
1.315837614657026e-02
8.582246197960990e-03
8.243272788440358e-03
8.598894649630470e-03
8.180606880295382e-03
8.551943088809322e-03
8.171733241554562e-03
8.575995780471081e-03
1.318212820308911e-02
1.297437837371906e-02
1.314999267674294e-02
1.304790800840815e-02
1.321879628938086e-02
1.302512601560933e-02
1.319183139202828e-02
1.293994863257332e-02
1.308826812525441e-02
1.300091739926545e-02
1.298624886201885e-02
1.297500039367189e-02
1.297680601760706e-02
1.299281932129816e-02
7.545673684463953e-03
7.689962436815946e-03
7.616316832305137e-03
7.646798361732599e-03
7.613013505464006e-03
7.650436134258179e-03
7.607910732582078e-03
3.699701090279122e-04
2.999349780521890e-04
3.565608423790210e-04
3.017466350873480e-04
3.646464386493797e-04
3.042895709913964e-04
3.628486587934149e-04
7.640030008379992e-03
7.556269209810666e-03
7.602007620198074e-03
7.503506600662009e-03
7.619094333038030e-03
7.589135272167509e-03
7.618931491800244e-03
1.293639157558086e-02
1.286375451232791e-02
1.288950706505907e-02
1.291126446750485e-02
1.292628809937637e-02
1.296668145598043e-02
1.304276692586596e-02
1.295972252801635e-02
1.284553348435861e-02
1.303425063130942e-02
1.282013911519955e-02
1.292132362403227e-02
1.296680917723168e-02
1.289640454983446e-02
7.639458620300686e-03
7.676857712660286e-03
7.599343571123423e-03
7.655173706285797e-03
7.588842258666037e-03
7.624549480928318e-03
7.549512943642721e-03
3.047740173783984e-04
3.614638220726958e-04
3.071778793108880e-04
3.606087062197160e-04
3.014979601491876e-04
3.625272236202322e-04
3.023027777853057e-04
7.530986076325997e-03
7.708396333537321e-03
7.525661839360685e-03
7.659486950980812e-03
7.462918338205292e-03
7.591774240333990e-03
7.594353544813968e-03
1.294739823308359e-02
1.292299749765464e-02
1.291998792297627e-02
1.291457172268100e-02
1.299514543283501e-02
1.298424655272884e-02
1.287482952957499e-02
1.301803338995269e-02
1.323470396450823e-02
1.296385896406019e-02
1.323764759687918e-02
1.308191550390309e-02
1.325818553669479e-02
1.292931929668508e-02
8.074320202939977e-03
8.665185101548926e-03
8.204382607550856e-03
8.678659626404166e-03
8.185416404647244e-03
8.730761066551905e-03
8.204191025673989e-03
1.124968866996366e-03
1.637065009974691e-03
1.176394069033279e-03
1.606464239211473e-03
1.139609194516686e-03
1.614758706649395e-03
1.129282692967449e-03
8.181088991085765e-03
8.559359684590364e-03
8.206934816591883e-03
8.521227336603552e-03
8.162250811613014e-03
8.615016570105940e-03
8.185253932740100e-03
1.303207346074798e-02
1.314620368010705e-02
1.299631762114296e-02
1.314347862432538e-02
1.298470022505975e-02
1.321112502333413e-02
1.295378362413555e-02
6.763854334599082e-03
7.673680226841676e-03
6.733766377334365e-03
7.687365908097825e-03
6.723651989088159e-03
7.690027203980417e-03
6.718962698648156e-03
1.235794081997731e-02
1.429420526294669e-02
1.222451394751623e-02
1.433300767744536e-02
1.228286194396989e-02
1.432639383860333e-02
1.231817767575123e-02
1.201525086977773e-02
1.406408769545653e-02
1.196559167886613e-02
1.405701722963844e-02
1.200457499822854e-02
1.402687890910431e-02
1.193659499292316e-02
1.235287132042872e-02
1.434791856274440e-02
1.230544550548721e-02
1.433248873431728e-02
1.236964571384725e-02
1.440908488775470e-02
1.230158277702490e-02
6.719502727198370e-03
7.650253214863652e-03
6.733292559695680e-03
7.710601338198985e-03
6.678231102326677e-03
7.704621908674054e-03
6.699272036901724e-03
1.632863915886792e-03
1.133045064221569e-03
1.637453233138531e-03
1.124259781541533e-03
1.027072516847117e-02
2.043397122524468e-02
1.037590825229157e-02
2.056393908121110e-02
4.031641818185158e-02
2.043828326122122e-02
2.045304856309614e-02
1.032319342109784e-02
2.039120757172872e-02
1.035674086491439e-02
4.015443701440610e-02
2.045459330529573e-02
1.039790746558159e-02
1.031084683202448e-02
1.032825714565820e-02
1.033377017773281e-02
1.037663247610580e-02
1.032437702508019e-02
1.033892824948456e-02
2.053385663033051e-02
2.059679688399176e-02
2.059838084239047e-02
2.054428128989184e-02
2.045624992110446e-02
2.047950915624429e-02
2.038462475666064e-02
1.026865805844117e-02
1.036732118055374e-02
1.039433738129011e-02
1.038585990002653e-02
1.033999158597954e-02
1.029423944320734e-02
1.031110623643750e-02
2.056682227765875e-02
2.040138780155581e-02
2.049720425737881e-02
2.053263770490854e-02
2.061537327519008e-02
2.051556119902452e-02
2.041528094590645e-02
4.033565507054056e-02
4.042475105169242e-02
4.050220519378765e-02
4.029443481620368e-02
4.048121270867779e-02
4.054875535935154e-02
4.035595778031247e-02
2.054409340132140e-02
2.064276283563040e-02
2.043676255908891e-02
2.048411168755884e-02
2.045538340426636e-02
2.033391310772025e-02
2.048542126686576e-02
2.057086087465787e-02
2.050172499874383e-02
2.047941030993418e-02
2.034133974257967e-02
2.048385235029685e-02
2.055288642525564e-02
2.045701705442423e-02
1.039970697877341e-02
1.034602893326430e-02
1.035386787542268e-02
1.032548689723611e-02
1.039750382076496e-02
1.038061614356575e-02
1.039810247216078e-02
2.047053616756066e-02
2.047349014118960e-02
2.063060379937236e-02
2.059142883098206e-02
2.041116646824807e-02
2.052258439052038e-02
2.052602507478497e-02
1.039378741438807e-02
1.034554940778841e-02
1.033305958557684e-02
1.036414433266987e-02
1.036066537232052e-02
1.044934595722622e-02
1.034943731788544e-02
4.035856673197039e-02
4.051949121087245e-02
4.047614361203535e-02
4.064558525845729e-02
4.017459870702365e-02
4.030173144667697e-02
4.042120332869256e-02
2.042485909963540e-02
2.063388842465278e-02
2.053521872173967e-02
2.044076583464841e-02
2.039321444728849e-02
2.044507934794753e-02
2.061523212373365e-02
