0.000000000000000e+00
0.000000000000000e+00
0.000000000000000e+00
0.000000000000000e+00
0.000000000000000e+00
0.000000000000000e+00
0.000000000000000e+00
0.000000000000000e+00
0.000000000000000e+00
0.000000000000000e+00
0.000000000000000e+00
0.000000000000000e+00
0.000000000000000e+00
0.000000000000000e+00
0.000000000000000e+00
0.000000000000000e+00
0.000000000000000e+00
0.000000000000000e+00
0.000000000000000e+00
0.000000000000000e+00
0.000000000000000e+00
0.000000000000000e+00
0.000000000000000e+00
0.000000000000000e+00
0.000000000000000e+00
0.000000000000000e+00
0.000000000000000e+00
0.000000000000000e+00
0.000000000000000e+00
0.000000000000000e+00
0.000000000000000e+00
0.000000000000000e+00
0.000000000000000e+00
0.000000000000000e+00
0.000000000000000e+00
0.000000000000000e+00
0.000000000000000e+00
0.000000000000000e+00
0.000000000000000e+00
0.000000000000000e+00
0.000000000000000e+00
0.000000000000000e+00
0.000000000000000e+00
0.000000000000000e+00
0.000000000000000e+00
0.000000000000000e+00
0.000000000000000e+00
0.000000000000000e+00
0.000000000000000e+00
0.000000000000000e+00
0.000000000000000e+00
0.000000000000000e+00
0.000000000000000e+00
0.000000000000000e+00
0.000000000000000e+00
0.000000000000000e+00
0.000000000000000e+00
0.000000000000000e+00
0.000000000000000e+00
0.000000000000000e+00
0.000000000000000e+00
0.000000000000000e+00
0.000000000000000e+00
0.000000000000000e+00
0.000000000000000e+00
0.000000000000000e+00
0.000000000000000e+00
0.000000000000000e+00
0.000000000000000e+00
0.000000000000000e+00
0.000000000000000e+00
0.000000000000000e+00
0.000000000000000e+00
0.000000000000000e+00
0.000000000000000e+00
0.000000000000000e+00
0.000000000000000e+00
0.000000000000000e+00
0.000000000000000e+00
0.000000000000000e+00
0.000000000000000e+00
0.000000000000000e+00
0.000000000000000e+00
0.000000000000000e+00
0.000000000000000e+00
0.000000000000000e+00
0.000000000000000e+00
0.000000000000000e+00
0.000000000000000e+00
0.000000000000000e+00
0.000000000000000e+00
0.000000000000000e+00
0.000000000000000e+00
0.000000000000000e+00
0.000000000000000e+00
0.000000000000000e+00
0.000000000000000e+00
0.000000000000000e+00
0.000000000000000e+00
0.000000000000000e+00
0.000000000000000e+00
0.000000000000000e+00
0.000000000000000e+00
0.000000000000000e+00
0.000000000000000e+00
0.000000000000000e+00
0.000000000000000e+00
0.000000000000000e+00
0.000000000000000e+00
0.000000000000000e+00
0.000000000000000e+00
0.000000000000000e+00
0.000000000000000e+00
0.000000000000000e+00
0.000000000000000e+00
0.000000000000000e+00
0.000000000000000e+00
0.000000000000000e+00
0.000000000000000e+00
0.000000000000000e+00
0.000000000000000e+00
0.000000000000000e+00
0.000000000000000e+00
0.000000000000000e+00
0.000000000000000e+00
0.000000000000000e+00
0.000000000000000e+00
0.000000000000000e+00
0.000000000000000e+00
0.000000000000000e+00
0.000000000000000e+00
0.000000000000000e+00
0.000000000000000e+00
0.000000000000000e+00
0.000000000000000e+00
0.000000000000000e+00
0.000000000000000e+00
0.000000000000000e+00
0.000000000000000e+00
0.000000000000000e+00
0.000000000000000e+00
0.000000000000000e+00
0.000000000000000e+00
0.000000000000000e+00
0.000000000000000e+00
0.000000000000000e+00
0.000000000000000e+00
0.000000000000000e+00
0.000000000000000e+00
0.000000000000000e+00
0.000000000000000e+00
0.000000000000000e+00
0.000000000000000e+00
0.000000000000000e+00
0.000000000000000e+00
0.000000000000000e+00
0.000000000000000e+00
0.000000000000000e+00
0.000000000000000e+00
0.000000000000000e+00
0.000000000000000e+00
0.000000000000000e+00
0.000000000000000e+00
0.000000000000000e+00
0.000000000000000e+00
0.000000000000000e+00
0.000000000000000e+00
0.000000000000000e+00
0.000000000000000e+00
0.000000000000000e+00
0.000000000000000e+00
0.000000000000000e+00
0.000000000000000e+00
0.000000000000000e+00
0.000000000000000e+00
0.000000000000000e+00
0.000000000000000e+00
0.000000000000000e+00
0.000000000000000e+00
0.000000000000000e+00
0.000000000000000e+00
0.000000000000000e+00
0.000000000000000e+00
0.000000000000000e+00
0.000000000000000e+00
0.000000000000000e+00
0.000000000000000e+00
0.000000000000000e+00
0.000000000000000e+00
0.000000000000000e+00
0.000000000000000e+00
0.000000000000000e+00
0.000000000000000e+00
0.000000000000000e+00
0.000000000000000e+00
0.000000000000000e+00
0.000000000000000e+00
0.000000000000000e+00
0.000000000000000e+00
0.000000000000000e+00
0.000000000000000e+00
0.000000000000000e+00
0.000000000000000e+00
0.000000000000000e+00
0.000000000000000e+00
0.000000000000000e+00
0.000000000000000e+00
0.000000000000000e+00
0.000000000000000e+00
0.000000000000000e+00
0.000000000000000e+00
0.000000000000000e+00
0.000000000000000e+00
0.000000000000000e+00
0.000000000000000e+00
0.000000000000000e+00
0.000000000000000e+00
0.000000000000000e+00
0.000000000000000e+00
0.000000000000000e+00
0.000000000000000e+00
0.000000000000000e+00
0.000000000000000e+00
0.000000000000000e+00
0.000000000000000e+00
0.000000000000000e+00
0.000000000000000e+00
1.733568124473095e-02
9.843288920819759e-03
9.539003483951092e-03
1.418128609657288e-02
9.128005331149325e-05
1.214196626096964e-02
9.478972293436527e-03
9.880823083221912e-03
1.793833076953888e-02
1.324840355664492e-02
0.000000000000000e+00
5.089084152132273e-03
1.763713173568249e-02
9.741959162056446e-03
5.085771437734365e-03
9.831037372350693e-03
9.453430771827698e-03
9.833740070462227e-03
5.035713315010071e-03
9.803453460335732e-03
9.494184516370296e-03
0.000000000000000e+00
9.870767593383789e-03
5.031720269471407e-03
5.305144004523754e-03
1.080665830522776e-02
1.073519513010979e-02
1.069321203976870e-02
9.777182713150978e-03
5.307187791913748e-03
1.079530920833349e-02
2.147755213081837e-02
0.000000000000000e+00
2.134414948523045e-02
2.148118987679482e-02
1.060917787253857e-02
1.058134529739618e-02
2.124732546508312e-02
2.133678458631039e-02
2.130235172808170e-02
1.782839931547642e-02
1.061814557760954e-02
1.075620949268341e-02
0.000000000000000e+00
2.129724062979221e-02
2.147391811013222e-02
2.151628769934177e-02
1.063196919858456e-02
5.363468546420336e-03
1.061960496008396e-02
1.067153085023165e-02
1.055310666561127e-02
1.319192349910736e-02
5.387107376009226e-03
0.000000000000000e+00
0.000000000000000e+00
0.000000000000000e+00
0.000000000000000e+00
0.000000000000000e+00
0.000000000000000e+00
0.000000000000000e+00
0.000000000000000e+00
0.000000000000000e+00
0.000000000000000e+00
0.000000000000000e+00
0.000000000000000e+00
0.000000000000000e+00
0.000000000000000e+00
0.000000000000000e+00
0.000000000000000e+00
0.000000000000000e+00
0.000000000000000e+00
0.000000000000000e+00
0.000000000000000e+00
0.000000000000000e+00
0.000000000000000e+00
0.000000000000000e+00
0.000000000000000e+00
0.000000000000000e+00
0.000000000000000e+00
0.000000000000000e+00
0.000000000000000e+00
0.000000000000000e+00
0.000000000000000e+00
0.000000000000000e+00
0.000000000000000e+00
0.000000000000000e+00
0.000000000000000e+00
0.000000000000000e+00
0.000000000000000e+00
0.000000000000000e+00
0.000000000000000e+00
0.000000000000000e+00
0.000000000000000e+00
0.000000000000000e+00
0.000000000000000e+00
0.000000000000000e+00
0.000000000000000e+00
0.000000000000000e+00
0.000000000000000e+00
0.000000000000000e+00
0.000000000000000e+00
0.000000000000000e+00
0.000000000000000e+00
0.000000000000000e+00
0.000000000000000e+00
0.000000000000000e+00
0.000000000000000e+00
0.000000000000000e+00
0.000000000000000e+00
0.000000000000000e+00
0.000000000000000e+00
0.000000000000000e+00
0.000000000000000e+00
0.000000000000000e+00
0.000000000000000e+00
0.000000000000000e+00
0.000000000000000e+00
0.000000000000000e+00
0.000000000000000e+00
0.000000000000000e+00
0.000000000000000e+00
0.000000000000000e+00
0.000000000000000e+00
0.000000000000000e+00
0.000000000000000e+00
0.000000000000000e+00
0.000000000000000e+00
0.000000000000000e+00
0.000000000000000e+00
0.000000000000000e+00
0.000000000000000e+00
0.000000000000000e+00
0.000000000000000e+00
0.000000000000000e+00
0.000000000000000e+00
0.000000000000000e+00
0.000000000000000e+00
0.000000000000000e+00
0.000000000000000e+00
0.000000000000000e+00
0.000000000000000e+00
0.000000000000000e+00
0.000000000000000e+00
0.000000000000000e+00
0.000000000000000e+00
0.000000000000000e+00
0.000000000000000e+00
0.000000000000000e+00
0.000000000000000e+00
0.000000000000000e+00
0.000000000000000e+00
0.000000000000000e+00
0.000000000000000e+00
0.000000000000000e+00
0.000000000000000e+00
0.000000000000000e+00
0.000000000000000e+00
0.000000000000000e+00
0.000000000000000e+00
0.000000000000000e+00
0.000000000000000e+00
0.000000000000000e+00
0.000000000000000e+00
0.000000000000000e+00
0.000000000000000e+00
0.000000000000000e+00
0.000000000000000e+00
0.000000000000000e+00
0.000000000000000e+00
0.000000000000000e+00
0.000000000000000e+00
0.000000000000000e+00
0.000000000000000e+00
0.000000000000000e+00
0.000000000000000e+00
0.000000000000000e+00
0.000000000000000e+00
0.000000000000000e+00
0.000000000000000e+00
0.000000000000000e+00
0.000000000000000e+00
0.000000000000000e+00
0.000000000000000e+00
0.000000000000000e+00
0.000000000000000e+00
0.000000000000000e+00
5.829713307321072e-03
0.000000000000000e+00
2.893900265917182e-03
0.000000000000000e+00
0.000000000000000e+00
0.000000000000000e+00
1.440454216208309e-04
0.000000000000000e+00
0.000000000000000e+00
0.000000000000000e+00
0.000000000000000e+00
0.000000000000000e+00
0.000000000000000e+00
0.000000000000000e+00
0.000000000000000e+00
0.000000000000000e+00
0.000000000000000e+00
0.000000000000000e+00
0.000000000000000e+00
0.000000000000000e+00
0.000000000000000e+00
0.000000000000000e+00
0.000000000000000e+00
0.000000000000000e+00
1.492042065365240e-04
0.000000000000000e+00
0.000000000000000e+00
0.000000000000000e+00
1.523520768387243e-04
1.157830841839314e-02
0.000000000000000e+00
0.000000000000000e+00
0.000000000000000e+00
1.454800658393651e-04
1.158523280173540e-02
0.000000000000000e+00
0.000000000000000e+00
0.000000000000000e+00
0.000000000000000e+00
1.105969306081533e-02
0.000000000000000e+00
0.000000000000000e+00
1.104695070534945e-02
0.000000000000000e+00
0.000000000000000e+00
0.000000000000000e+00
0.000000000000000e+00
5.795225966721773e-03
5.797488149255514e-03
5.832047667354345e-03
5.853435955941677e-03
5.860196426510811e-03
5.933444947004318e-03
7.101695053279400e-03
7.083964068442583e-03
7.059830706566572e-03
7.064961828291416e-03
7.034509442746639e-03
7.092565763741732e-03
7.136453408747911e-03
7.158268708735704e-03
7.961181923747063e-03
7.934170775115490e-03
7.824031636118889e-03
7.920005358755589e-03
7.966731674969196e-03
7.929305545985699e-03
7.947897538542747e-03
8.000978268682957e-03
1.556369679747149e-04
1.571755128679797e-04
1.374194689560682e-04
1.384377392241731e-04
0.000000000000000e+00
0.000000000000000e+00
0.000000000000000e+00
0.000000000000000e+00
0.000000000000000e+00
0.000000000000000e+00
0.000000000000000e+00
0.000000000000000e+00
0.000000000000000e+00
0.000000000000000e+00
0.000000000000000e+00
0.000000000000000e+00
0.000000000000000e+00
0.000000000000000e+00
0.000000000000000e+00
0.000000000000000e+00
0.000000000000000e+00
5.804535001516342e-03
0.000000000000000e+00
0.000000000000000e+00
0.000000000000000e+00
0.000000000000000e+00
0.000000000000000e+00
0.000000000000000e+00
0.000000000000000e+00
9.820234117796645e-05
9.132434206549078e-05
1.466312241973355e-04
4.927526460960507e-04
2.285100286826491e-03
9.232381125912070e-04
2.272680634632707e-03
4.853636201005429e-04
1.109488657675683e-04
6.455352413468063e-04
5.577614865615033e-05
6.666877015959471e-05
9.240412618964911e-04
2.392112219240516e-04
2.419242635369301e-03
1.846037106588483e-03
2.259932691231370e-03
1.890977728180587e-03
9.229155839420855e-04
2.783390518743545e-04
2.366332337260246e-04
6.140591576695442e-04
6.026522023603320e-04
5.647083162330091e-05
2.268423093482852e-03
3.633963206084445e-05
5.054562279838137e-05
1.018366019707173e-04
3.336152440169826e-05
4.624577122740448e-04
4.727692794403993e-05
3.363052746863104e-05
3.333039785502478e-05
2.281737513840199e-03
1.094617764465511e-04
4.999696466256864e-05
1.063520394382067e-04
4.705201718024909e-04
2.289754105731845e-03
2.280653920024633e-03
4.846295923925936e-04
6.509926752187312e-04
1.122444882639684e-04
5.797768244519830e-05
2.278019208461046e-03
4.368177906144410e-05
4.396813892526552e-05
5.623419201583602e-05
1.121627719840035e-04
4.833152634091675e-04
2.293311059474945e-03
2.294560894370079e-03
4.992662579752505e-04
1.479462953284383e-04
9.741006942931563e-05
8.689551032148302e-05
8.856826025294140e-05
9.826778841670603e-05
1.504533138358966e-04
5.092846113257110e-04
2.292266348376870e-03
9.222679072991014e-04
2.448321785777807e-03
9.359000832773745e-04
5.030766478739679e-04
6.409345660358667e-04
6.052232347428799e-04
6.099821184761822e-04
5.917325615882874e-04
6.049714866094291e-04
6.479890435002744e-04
1.502811501268297e-04
9.191900026053190e-04
2.439965493977070e-03
2.436775714159012e-03
1.001999771688133e-04
2.442889846861362e-03
8.522806456312537e-05
6.405569147318602e-04
9.021263394970447e-05
5.911961197853088e-04
9.563358617015183e-05
5.930644692853093e-04
1.450849667889997e-04
6.314626662060618e-04
5.076701054349542e-04
2.316238358616829e-03
9.074222762137651e-04
2.301978878676891e-03
2.434791531413794e-03
4.802861949428916e-04
2.283027861267328e-03
6.307755829766393e-04
9.309856104664505e-04
2.283567329868674e-03
4.828880773857236e-04
1.127177747548558e-04
6.000614375807345e-04
5.914300563745201e-04
4.778842558152974e-04
6.329231546260417e-04
1.134731501224451e-04
5.102066206745803e-04
5.845739724463783e-05
1.477843179600313e-04
4.530911246547475e-05
9.827909525483847e-05
4.222946154186502e-05
8.531639468856156e-05
5.731599230784923e-05
8.455654460703954e-05
1.141269895015284e-04
9.764133574208245e-05
4.725128819700330e-04
1.483776868553832e-04
2.277550287544727e-03
5.042045377194881e-04
2.261683344841003e-03
2.279102802276611e-03
4.606253642123193e-04
1.013833461911418e-04
5.139230415807106e-05
3.528257366269827e-05
3.576078961486928e-05
4.947849083691835e-05
1.075451655196957e-04
4.739186551887542e-04
2.257955726236105e-03
2.255871193483472e-03
4.660651029553264e-04
9.156585438176990e-04
1.036196408676915e-04
4.768812505062670e-05
3.416590698179789e-05
3.342196941957809e-05
4.708564301836304e-05
1.058061825460754e-04
4.919989150948822e-04
2.247491851449013e-03
2.272268990054727e-03
4.725293838419020e-04
1.029507111525163e-04
4.875542799709365e-05
3.304783240309916e-05
3.432454104768112e-05
4.817232911591418e-05
1.060821377905086e-04
4.754008259624243e-04
2.235888736322522e-03
2.267709700390697e-03
4.656377132050693e-04
1.019267656374723e-04
5.059109753347002e-05
3.841832585749216e-05
3.837175972876139e-05
5.059812247054651e-05
1.065993201336823e-04
4.790388629771769e-04
2.277003135532141e-03
2.272874582558870e-03
4.782543983310461e-04
6.359872641041875e-04
1.189921676996164e-04
6.654859316768125e-05
5.388369754655287e-05
5.273613714962266e-05
6.882248999318108e-05
1.183454587589949e-04
4.889952251687646e-04
2.266357885673642e-03
2.331741852685809e-03
6.129048997536302e-04
2.802331582643092e-04
2.349589485675097e-04
2.197688445448875e-04
2.300149353686720e-04
2.353390300413594e-04
2.821692614816129e-04
6.094891577959061e-04
2.346667461097240e-03
2.717516850680113e-03
2.088196808472276e-03
1.871312852017581e-03
1.857105293311179e-03
1.825810410082340e-03
1.870980835519731e-03
1.867515500634909e-03
1.897647278383374e-03
2.051275921985507e-03
2.758132759481668e-03
2.714452799409628e-03
2.071385504677892e-03
6.074213306419551e-04
1.902277232147753e-03
1.876037218607962e-03
1.852900837548077e-03
1.889011124148965e-03
1.883508288301528e-03
1.913874759338796e-03
2.045715227723122e-03
2.715173875913024e-03
2.325066132470965e-03
6.101388717070222e-04
2.753148437477648e-04
2.330468996660784e-04
2.191322564613074e-04
2.201500610681251e-04
2.338772610528395e-04
2.759263734333217e-04
6.197010516189039e-04
2.332050586119294e-03
2.276515820994973e-03
4.958608769811690e-04
1.189336035167798e-04
6.640113861067221e-05
5.470587348099798e-05
5.235245771473274e-05
6.495873094536364e-05
1.192310082842596e-04
4.839722823817283e-04
2.258668653666973e-03
2.287255367264152e-03
4.679603443946689e-04
5.996682448312640e-04
1.051192957675084e-04
5.218785736360587e-05
3.813768489635549e-05
3.644404569058679e-05
5.158052954357117e-05
1.027841863106005e-04
4.729964130092412e-04
2.282638335600495e-03
2.269121119752526e-03
4.753480025101453e-04
1.035916429827921e-04
4.926542897010222e-05
3.462307722656988e-05
3.302411641925573e-05
4.722824451164342e-05
1.021009302348830e-04
4.795741988345981e-04
2.288216259330511e-03
2.286087488755584e-03
4.702444130089134e-04
1.021859134198166e-04
4.887453542323783e-05
3.518200537655503e-05
3.302779077785090e-05
4.640552651835606e-05
1.036271714838222e-04
4.746822814922780e-04
2.282619010657072e-03
2.287327777594328e-03
4.710681969299912e-04
1.058736452250741e-04
4.961536978953518e-05
3.654402098618448e-05
3.565320730558597e-05
5.007440631743520e-05
1.067663615685888e-04
4.790368839167058e-04
2.273210091516376e-03
2.263894304633141e-03
4.869486438110471e-04
1.134685880970210e-04
5.494417928275652e-05
4.407633241498843e-05
4.530832666205242e-05
5.718987449654378e-05
1.124982009059750e-04
4.865037044510245e-04
2.271426143124700e-03
2.290047938004136e-03
5.084888543933630e-04
1.433926227036864e-04
9.895987022900954e-05
8.838283247314394e-05
8.756633178563789e-05
1.003059078357182e-04
1.452725846320391e-04
5.267831729725003e-04
2.287135692313313e-03
2.448974410071969e-03
9.204084053635597e-04
6.405829917639494e-04
6.011100485920906e-04
5.901273689232767e-04
6.051581585779786e-04
6.071057287044823e-04
6.372160860337317e-04
9.370968909934163e-04
2.440534066408873e-03
2.276784507557750e-03
2.282687462866306e-03
4.817421722691506e-04
1.068787387339398e-04
5.198087455937639e-05
3.804124207817949e-05
3.901355739799328e-05
5.215808414504863e-05
1.029605919029564e-04
4.753683751914650e-04
2.278617350384593e-03
2.250525634735823e-03
4.701695288531482e-04
9.956794383469969e-05
4.808407538803294e-05
3.568266765796579e-05
3.414665479795076e-05
4.868868927587755e-05
1.015130692394450e-04
4.711266665253788e-04
2.290093805640936e-03
2.286771079525352e-03
4.752415115945041e-04
1.043910961016081e-04
4.767785503645428e-05
3.357525929459371e-05
3.326077785459347e-05
4.818639354198240e-05
1.052492734743282e-04
4.733054665848613e-04
2.276278100907803e-03
2.257544081658125e-03
2.259233733639121e-03
4.727637569885701e-04
1.032187501550652e-04
4.997398718842305e-05
3.614480010583065e-05
3.584245496313088e-05
4.952503513777629e-05
1.048150443239138e-04
4.686063621193171e-04
2.405091887339950e-03
2.282114233821630e-03
5.087782628834248e-04
4.643196589313447e-04
9.208486299030483e-04
5.706393130822107e-05
4.429203545441851e-05
4.597945735440589e-05
5.717902240576223e-05
1.156920188805088e-04
4.908483824692667e-04
6.431984365917742e-04
2.255497733131051e-03
1.486560795456171e-04
5.042410921305418e-04
1.485426328144968e-04
9.920846059685573e-05
8.747267565922812e-05
5.967762554064393e-04
1.013402434182353e-04
1.500201906310394e-04
5.091758212074637e-04
2.289034891873598e-03
2.428634790703654e-03
9.572157432558015e-05
5.899576935917139e-04
6.425550673156977e-04
6.231421139091253e-04
6.009109201841056e-04
5.876860232092440e-04
5.996701074764132e-04
5.953133804723620e-04
9.253493626601994e-04
2.392624039202929e-03
4.286374678486027e-05
8.990695641841739e-05
4.362527033663355e-05
5.571241854340769e-05
1.096129053621553e-04
4.726177721749991e-04
2.278979634866118e-03
8.634841651655734e-05
2.299768384546041e-03
4.689992638304830e-04
1.031716383295134e-04
9.667292761150748e-05
4.975920091965236e-05
6.341834086924791e-04
3.663679672172293e-05
5.804745014756918e-04
3.613046646933071e-05
1.477973564760759e-04
5.935634253546596e-04
5.073226202512160e-05
1.026780373649672e-04
5.865704151801765e-04
5.112384678795934e-04
4.768813378177583e-04
2.255853032693267e-03
2.227354329079390e-03
2.310128416866064e-03
4.820016620215029e-04
1.039630151353776e-04
2.266535535454750e-03
4.721858931588940e-05
3.285703860456124e-05
3.354525324539281e-05
4.816818400286138e-04
4.810942118638195e-05
1.037782349158078e-04
1.127075884141959e-04
4.719817952718586e-04
2.291189040988684e-03
5.651037281495519e-05
2.269957913085818e-03
4.746975318994373e-04
1.019498231471516e-04
4.893929872196168e-05
3.402949732844718e-05
3.309973544673994e-05
4.738469942822121e-05
1.045147291733883e-04
4.681119753513485e-04
2.273891121149063e-03
4.329419971327297e-05
2.254856284707785e-03
4.773387627210468e-04
1.054077947628684e-04
5.209618757362477e-05
3.691612801048905e-05
3.923736949218437e-05
5.265136860543862e-05
1.026003446895629e-04
4.727423365693539e-04
2.273155841976404e-03
4.466362224775366e-05
2.273248508572578e-03
4.781682218890637e-04
1.192623603856191e-04
6.621948705287650e-05
5.609188519883901e-05
5.619699368253350e-05
2.407182008028030e-03
1.182833511848003e-04
4.831671540159732e-04
2.273835707455873e-03
5.585737017099746e-05
2.313939156010747e-03
6.209159619174898e-04
2.770089777186513e-04
2.373791066929698e-04
2.305934467585757e-04
2.188852231483907e-04
3.709550219355151e-05
2.748106198851019e-04
6.099757156334817e-04
2.338212681934237e-03
1.117937135859393e-04
2.729776315391064e-03
2.039213664829731e-03
1.897072885185480e-03
1.866537029854953e-03
1.862816745415330e-03
1.856247545219958e-03
1.047889163601212e-04
1.909933984279633e-03
2.038469305261970e-03
2.738270442932844e-03
4.855712759308517e-04
2.715184586122632e-03
2.076095435768366e-03
1.894836197607219e-03
1.863599754869938e-03
1.878310344181955e-03
1.859493204392493e-03
2.293489407747984e-03
1.891522435471416e-03
2.057229867205024e-03
2.726817969232798e-03
2.305281348526478e-03
2.319931518286467e-03
6.106349756009877e-04
2.283333800733089e-03
6.048105424270034e-04
2.179623115807772e-04
2.192388346884400e-04
2.317030011909083e-04
2.799501235131174e-04
4.636904341168702e-04
2.335452707484365e-03
2.257242798805237e-03
2.297523431479931e-03
4.954241449013352e-04
1.176755031337962e-04
6.813904474256560e-05
1.052053121384233e-04
5.415827399701811e-05
6.750093598384410e-05
1.197105302708223e-04
4.810188547708094e-04
2.284186193719506e-03
4.591576725943014e-05
4.769116058014333e-04
1.019144401652738e-04
5.284231519908644e-05
3.678911161841825e-05
5.908490857109427e-04
3.439520151005127e-05
1.073784223990515e-04
4.605397116392851e-04
2.269318094477057e-03
1.022799406200647e-04
2.266307361423969e-03
4.730358195956796e-04
3.443707828409970e-05
4.825069845537655e-05
2.435205271467566e-03
3.372876017238013e-05
5.002254692954011e-05
1.017618560581468e-04
4.699870987678878e-05
2.293271711096168e-03
4.959806756232865e-05
2.258523833006620e-03
4.714234964922071e-04
1.050701976055279e-04
5.961413844488561e-04
9.987788507714868e-05
2.444283105432987e-03
4.798978625331074e-05
1.033624284900725e-04
4.834365390706807e-04
2.295069629326463e-03
3.585960803320631e-05
4.790483508259058e-04
4.750982334371656e-04
9.163337526842952e-04
5.079770926386118e-05
3.604584708227776e-05
3.666741395136341e-05
2.268534852191806e-03
2.272790763527155e-03
4.854814615100622e-04
1.024303783196956e-04
4.801328395842575e-05
3.433023448451422e-05
3.320848190924153e-05
4.819902460440062e-05
1.030426064971834e-04
4.754535329993814e-04
2.271888079121709e-03
2.297820057719946e-03
4.870544362347573e-04
1.072687664418481e-04
4.898185579804704e-05
5.164284448255785e-05
3.892465247190557e-05
3.872805609717034e-05
5.060173134552315e-05
1.069325953722000e-04
4.781216557603329e-04
2.250063465908170e-03
2.273783320561051e-03
4.866654053330421e-04
1.215554948430508e-04
6.692489114357159e-05
5.404035982792266e-05
5.603838144452311e-05
6.613523146370426e-05
1.207765744766220e-04
4.775055276695639e-04
2.269772114232183e-03
2.317731501534581e-03
6.248679710552096e-04
2.811966696754098e-04
4.715775139629841e-04
2.366319968132302e-04
2.218067820649594e-04
2.179555740440264e-04
2.324298693565652e-04
2.795331238303334e-04
6.076737190596759e-04
2.335803350433707e-03
2.741850446909666e-03
2.054176060482860e-03
1.897116191685200e-03
1.858702511526644e-03
1.856865361332893e-03
1.874250592663884e-03
1.873465138487518e-03
1.874256064184010e-03
2.068531000986695e-03
2.733291359618306e-03
2.720943419262767e-03
2.067534718662500e-03
1.924012671224773e-03
1.858094707131386e-03
1.845670863986015e-03
1.864746445789933e-03
1.853564288467169e-03
1.938575413078070e-03
2.026869682595134e-03
2.720714313909411e-03
2.341845072805882e-03
6.217284244485199e-04
2.746077370829880e-04
2.358538040425628e-04
2.130576322088018e-04
2.205857890658081e-04
2.344691747566685e-04
2.744157391134650e-04
6.163661018945277e-04
2.341890241950750e-03
2.275061095133424e-03
4.887019749730825e-04
1.205437729367986e-04
6.640542414970696e-05
5.438147127279080e-05
5.447128205560148e-05
6.787184975109994e-05
1.170005853055045e-04
4.934894968755543e-04
2.282370114699006e-03
2.264362527057528e-03
4.669314948841929e-04
1.056296823662706e-04
5.100231282995082e-05
3.696159910759889e-05
3.720516178873368e-05
5.027973747928627e-05
1.037679903674871e-04
4.667811444960535e-04
2.268290612846613e-03
2.256603445857763e-03
4.765648918692023e-04
1.060323702404276e-04
4.925227403873578e-05
3.372175342519768e-05
3.342179843457416e-05
4.751176675199531e-05
1.052919251378626e-04
4.833447746932507e-04
2.283428097143769e-03
2.257761079818010e-03
4.784785269293934e-04
1.008225372061133e-04
4.852692654822022e-05
3.294570342404768e-05
3.387941251276061e-05
4.828211604035459e-05
1.035862078424543e-04
4.719660209957510e-04
2.271834295243025e-03
2.272424986585975e-03
4.860075714532286e-04
1.023307340801693e-04
4.868663745583035e-05
3.711757381097414e-05
3.703356196638197e-05
4.959916623192839e-05
1.060056456481107e-04
4.905967507511377e-04
2.277217805385590e-03
2.285978989675641e-03
4.842252237722278e-04
1.124208138207905e-04
5.793365198769607e-05
4.448343679541722e-05
4.501792136579752e-05
5.828016583109275e-05
1.113528924179263e-04
4.756019043270499e-04
2.288734773173928e-03
2.244655741378665e-03
5.048222374171019e-04
1.470539864385501e-04
1.002771823550574e-04
8.560482092434540e-05
8.597433043178171e-05
9.980884351534769e-05
1.457065663998947e-04
5.084120202809572e-04
2.288673073053360e-03
2.414943883195519e-03
9.440658614039421e-04
6.487208302132785e-04
5.962857976555824e-04
6.002457812428474e-04
6.107286899350584e-04
5.885679856874049e-04
6.436284747906029e-04
9.243820095434785e-04
2.416850533336401e-03
5.826029519084841e-05
4.576811988954432e-05
4.447437822818756e-05
5.535999662242830e-05
1.112448953790590e-04
4.752601671498269e-04
2.271053614094853e-03
2.261759946122766e-03
4.725086910184473e-04
1.039116323227063e-04
4.982367681805044e-05
3.596515307435766e-05
3.583217767300084e-05
4.868907490163110e-05
1.031192296068184e-04
4.767748760059476e-04
2.304129302501678e-03
2.303585875779390e-03
4.680440761148930e-04
1.034389642882161e-04
4.812305269297212e-05
3.316148286103271e-05
3.469319563009776e-05
4.774846820509993e-05
9.961203613784164e-05
4.820023314096034e-04
2.266148338094354e-03
2.278741681948304e-03
4.792136023752391e-04
1.022094438667409e-04
4.791051105712540e-05
3.426192779443227e-05
3.478171129245311e-05
4.784830161952414e-05
1.048191479640082e-04
4.911802243441343e-04
2.274219412356615e-03
2.247508848085999e-03
4.768176586367190e-04
1.069987411028706e-04
5.133968079462647e-05
3.823716542683542e-05
3.773621938307770e-05
4.971500311512500e-05
1.035434615914710e-04
4.760087467730045e-04
2.290493808686733e-03
2.294057514518499e-03
4.887749673798680e-04
1.179557584691793e-04
6.979933095863089e-05
5.612135282717645e-05
5.385167605709285e-05
6.608189141843468e-05
1.207024179166183e-04
4.885455127805471e-04
2.278177300468087e-03
2.344395034015179e-03
6.073032855056226e-04
2.771473664324731e-04
2.338342310395092e-04
2.190828090533614e-04
2.270296099595726e-04
2.301859058206901e-04
2.786901895888150e-04
6.098819430917501e-04
2.334454795345664e-03
2.706892788410187e-03
2.060271799564362e-03
1.908310456201434e-03
1.849242602474988e-03
1.860137213952839e-03
1.845323015004396e-03
1.865807804279029e-03
1.893213484436274e-03
2.056840108707547e-03
2.687157364562154e-03
2.696118317544460e-03
2.054457319900393e-03
1.896127010695636e-03
1.869023079052567e-03
1.891394960694015e-03
1.897612237371504e-03
1.888366765342653e-03
1.913678133860230e-03
2.063135849311948e-03
2.697775140404701e-03
2.372883725911379e-03
6.191667052917182e-04
2.742602082435042e-04
2.361484803259373e-04
2.187044156016782e-04
2.227383665740490e-04
2.317046892130747e-04
2.739457995630801e-04
6.064836634323001e-04
2.352802548557520e-03
2.311054849997163e-03
4.742846358567476e-04
1.229948829859495e-04
6.655611650785431e-05
5.459789463202469e-05
5.512368807103485e-05
6.754613423254341e-05
1.197014280478470e-04
4.846124793402851e-04
2.272707177326083e-03
1.101087837014347e-04
5.119504639878869e-04
1.492558076279238e-04
9.912710083881393e-05
2.267122967168689e-03
8.644094486953691e-05
8.717911987332627e-05
3.209269198123366e-05
9.289613226428628e-04
8.286102092824876e-04
9.420810383744538e-04
6.212875247001648e-03
6.067093461751938e-03
6.202590186148882e-03
6.098282057791948e-03
6.231389474123716e-03
6.205714773386717e-03
6.251135375350714e-03
5.381414666771889e-03
9.654767811298370e-03
9.444569237530231e-03
9.592436254024506e-03
5.384611431509256e-03
1.019623503088951e-02
6.240323651582003e-03
1.012455858290195e-02
9.998450055718422e-03
5.719780456274748e-03
2.551724610384554e-04
5.780125036835670e-03
1.004176773130894e-02
1.012056414037943e-02
5.806440021842718e-03
2.611794625408947e-04
5.687826313078403e-03
1.016241032630205e-02
1.015203446149826e-02
6.337472703307867e-03
9.194342419505119e-04
6.206066813319921e-03
1.019886974245310e-02
5.771350115537643e-03
1.077294070273638e-02
1.054362021386623e-02
1.064965594559908e-02
5.824054125696421e-03
8.505763253197074e-04
6.200952455401421e-03
5.691681057214737e-03
5.382252391427755e-03
5.763805005699396e-03
5.360925104469061e-03
5.718619097024202e-03
5.385388154536486e-03
5.688659381121397e-03
1.045489870011806e-02
9.663682430982590e-03
1.044351607561111e-02
9.641801938414574e-03
1.046111248433590e-02
9.582692757248878e-03
1.044105645269156e-02
1.029827445745468e-02
9.504989720880985e-03
1.028806157410145e-02
9.479887783527374e-03
1.031945552676916e-02
9.495437145233154e-03
1.034344080835581e-02
1.051346119493246e-02
9.684727527201176e-03
1.048130635172129e-02
9.658962488174438e-03
1.056559756398201e-02
9.674942120909691e-03
1.044995803385973e-02
5.722422152757645e-03
5.387987475842237e-03
5.689909681677818e-03
5.382396280765533e-03
5.760502535849810e-03
5.419949069619179e-03
5.769967101514339e-03
1.014687214046717e-02
1.011261995881796e-02
1.015394181013107e-02
1.017387583851814e-02
1.013256050646305e-02
1.015985291451216e-02
1.017965655773878e-02
6.262952461838722e-03
6.055672653019428e-03
6.310950964689255e-03
6.152805872261524e-03
6.326509639620781e-03
6.137043703347445e-03
6.287296302616596e-03
1.018057391047478e-02
1.015291083604097e-02
1.011122297495604e-02
1.010650396347046e-02
1.019480358809233e-02
1.016340777277946e-02
1.025012880563736e-02
1.012818235903978e-02
1.011942140758038e-02
9.995451197028160e-03
1.013791654258966e-02
1.006739120930433e-02
1.005607657134533e-02
1.002063415944576e-02
5.789011251181364e-03
5.711588542908430e-03
5.748472642153502e-03
5.821874365210533e-03
5.733864381909370e-03
5.753203760832548e-03
5.662468727678061e-03
2.585879701655358e-04
2.575497783254832e-04
2.643888001330197e-04
2.577852865215391e-04
2.698105527088046e-04
2.539851411711425e-04
2.634743577800691e-04
5.780854728072882e-03
5.724498070776463e-03
5.905244499444962e-03
5.812573246657848e-03
5.785097368061543e-03
5.624731071293354e-03
5.798639729619026e-03
1.006746105849743e-02
1.000571623444557e-02
1.012884825468063e-02
1.004463527351618e-02
1.002230774611235e-02
1.012943498790264e-02
1.009499840438366e-02
1.004507113248110e-02
1.003523264080286e-02
1.008236221969128e-02
1.007640548050404e-02
1.006375625729561e-02
1.010113861411810e-02
1.010371185839176e-02
5.817588418722153e-03
5.658094771206379e-03
5.754966754466295e-03
5.764486733824015e-03
5.695474334061146e-03
5.814047064632177e-03
5.818966310471296e-03
2.594497927930206e-04
2.526110620237887e-04
2.529270714148879e-04
2.648528025019914e-04
2.496411034371704e-04
2.696440205909312e-04
2.526302705518901e-04
5.838853307068348e-03
5.828478839248419e-03
5.705438088625669e-03
5.731054581701756e-03
5.744439084082842e-03
5.678887479007244e-03
5.679940804839134e-03
1.000021677464247e-02
1.009114552289248e-02
1.012655440717936e-02
1.005060039460659e-02
9.985751472413540e-03
1.004700455814600e-02
1.009857468307018e-02
1.020139176398516e-02
1.023470517247915e-02
1.014635711908340e-02
1.022680848836899e-02
1.019244175404310e-02
1.013925764709711e-02
1.015366613864899e-02
6.272110156714916e-03
6.273533683270216e-03
6.180486641824245e-03
6.211399566382170e-03
6.115490105003119e-03
6.314324680715799e-03
6.183460354804993e-03
8.043434936553240e-04
9.097459842450917e-04
8.257289300672710e-04
9.257966885343194e-04
8.200574666261673e-04
9.188470430672169e-04
8.502771961502731e-04
6.091813091188669e-03
6.239630281925201e-03
6.195988971740007e-03
6.233340594917536e-03
6.169518921524286e-03
6.201267708092928e-03
6.237364839762449e-03
1.011921931058168e-02
1.026486977934837e-02
1.012913696467876e-02
1.020472124218941e-02
1.020868215709925e-02
1.023624744266272e-02
1.010726857930422e-02
5.344031844288111e-03
5.829857196658850e-03
5.420498084276915e-03
5.790775176137686e-03
5.355365574359894e-03
5.806377623230219e-03
5.358897615224123e-03
9.698121808469296e-03
1.078290678560734e-02
9.670528583228588e-03
1.066950801759958e-02
9.686406701803207e-03
1.064975000917912e-02
9.717032313346863e-03
9.503774344921112e-03
1.052603498101234e-02
9.470119141042233e-03
1.048882212489843e-02
9.442126378417015e-03
1.048492733389139e-02
9.347782470285892e-03
9.757927618920803e-03
1.068929489701986e-02
9.649864397943020e-03
1.068084221333265e-02
9.639297612011433e-03
1.063569448888302e-02
9.583724662661552e-03
5.383677314966917e-03
5.845760926604271e-03
5.323236808180809e-03
5.804803222417831e-03
5.355273839086294e-03
5.805639084428549e-03
5.415382795035839e-03
9.244347456842661e-04
8.020743262022734e-04
9.322094265371561e-04
8.353887824341655e-04
8.299455046653748e-03
1.647938042879105e-02
8.289854973554611e-03
1.648256368935108e-02
3.250096738338470e-02
1.650102809071541e-02
1.650062017142773e-02
8.395894430577755e-03
1.638920605182648e-02
8.324944414198399e-03
3.262846171855927e-02
1.640066877007484e-02
8.402383886277676e-03
8.288254961371422e-03
8.259855210781097e-03
8.319328539073467e-03
8.220170624554157e-03
8.305462077260017e-03
8.327035233378410e-03
1.635480113327503e-02
1.661305874586105e-02
1.641734316945076e-02
1.643097214400768e-02
1.636546477675438e-02
1.652272418141365e-02
1.639086939394474e-02
8.244381286203861e-03
8.357402868568897e-03
8.240689523518085e-03
8.299006149172783e-03
8.315674960613251e-03
8.207703940570354e-03
8.285544812679291e-03
1.644019968807697e-02
1.638175919651985e-02
1.642788387835026e-02
1.658051833510399e-02
1.659605838358402e-02
1.661501266062260e-02
1.645894162356853e-02
3.255598992109299e-02
3.265820816159248e-02
3.267134726047516e-02
3.223556652665138e-02
3.227529674768448e-02
3.255313634872437e-02
3.223609551787376e-02
1.646312884986401e-02
1.662279292941093e-02
1.644902676343918e-02
1.663491688668728e-02
1.660624705255032e-02
1.651106961071491e-02
1.643948443233967e-02
1.637870632112026e-02
1.657168008387089e-02
1.656317152082920e-02
1.653837971389294e-02
1.652514748275280e-02
1.649396866559982e-02
1.644230820238590e-02
8.276657201349735e-03
8.288210257887840e-03
8.352339267730713e-03
8.292248472571373e-03
8.367873728275299e-03
8.283999748528004e-03
8.302131667733192e-03
1.646959781646729e-02
1.652502827346325e-02
1.655951142311096e-02
1.649131067097187e-02
1.626583188772202e-02
1.645201817154884e-02
1.634723134338856e-02
8.296474814414978e-03
8.251530118286610e-03
8.333030156791210e-03
8.383526466786861e-03
8.400669321417809e-03
8.295594714581966e-03
8.346780203282833e-03
3.235416486859322e-02
3.267005831003189e-02
3.266223147511482e-02
3.234904259443283e-02
3.242075443267822e-02
3.261451050639153e-02
3.267312422394753e-02
1.627430878579617e-02
1.641475223004818e-02
1.657975837588310e-02
1.649650186300278e-02
1.634098775684834e-02
1.631760224699974e-02
1.659999229013920e-02
