2.994444429095404e-04
5.988888858190809e-04
5.988888858190809e-04
5.988888858190809e-04
5.988888858190806e-04
5.988888858190806e-04
5.988888858190806e-04
2.994444429095405e-04
2.994444429095405e-04
2.994444429095405e-04
5.988888858190803e-04
5.988888858190803e-04
5.988888858190803e-04
5.988888858190803e-04
2.994444429095404e-04
2.994444429095404e-04
2.994444429095404e-04
2.994444429095404e-04
5.988888858190805e-04
5.988888858190805e-04
5.988888858190805e-04
5.988888858190805e-04
1.197777771638161e-03
1.197777771638161e-03
1.197777771638161e-03
1.197777771638161e-03
1.197777771638161e-03
1.197777771638161e-03
1.197777771638161e-03
1.197777771638161e-03
5.988888858190809e-04
5.988888858190809e-04
5.988888858190809e-04
5.988888858190809e-04
5.988888858190803e-04
5.988888858190803e-04
5.988888858190803e-04
5.988888858190803e-04
5.988888858190807e-04
1.197777771638162e-03
1.197777771638161e-03
5.988888858190811e-04
5.988888858190803e-04
1.197777771638161e-03
1.197777771638160e-03
5.988888858190806e-04
2.994444429095404e-04
5.988888858190809e-04
5.988888858190806e-04
2.994444429095405e-04
2.994444429095402e-04
2.994444429095402e-04
2.994444429095402e-04
2.994444429095402e-04
1.197777771638161e-03
1.197777771638161e-03
1.197777771638161e-03
1.197777771638161e-03
1.197777771638160e-03
1.197777771638160e-03
1.197777771638160e-03
1.197777771638160e-03
5.988888858190806e-04
5.988888858190806e-04
5.988888858190806e-04
5.988888858190806e-04
5.988888858190803e-04
5.988888858190803e-04
5.988888858190803e-04
5.988888858190803e-04
1.197777771638161e-03
1.197777771638161e-03
1.197777771638161e-03
1.197777771638161e-03
1.197777771638160e-03
1.197777771638160e-03
1.197777771638160e-03
1.197777771638160e-03
5.988888858190806e-04
5.988888858190806e-04
5.988888858190806e-04
5.988888858190806e-04
5.988888858190807e-04
5.988888858190807e-04
5.988888858190807e-04
1.197777771638162e-03
1.197777771638162e-03
1.197777771638162e-03
1.197777771638161e-03
1.197777771638161e-03
1.197777771638161e-03
5.988888858190805e-04
5.988888858190805e-04
5.988888858190805e-04
5.988888858190805e-04
5.988888858190811e-04
5.988888858190811e-04
5.988888858190811e-04
5.988888858190803e-04
5.988888858190803e-04
5.988888858190803e-04
1.197777771638161e-03
1.197777771638161e-03
1.197777771638161e-03
1.197777771638160e-03
1.197777771638160e-03
1.197777771638160e-03
5.988888858190806e-04
5.988888858190806e-04
5.988888858190806e-04
2.994444429095404e-04
2.994444429095404e-04
8.623999955794762e-02
2.222222223111111e-03
1.111111111555556e-03
1.111111111555556e-03
1.111111111555556e-03
1.111111111555556e-03
1.111111111555556e-03
1.111111111555556e-03
1.111111111555556e-03
1.111111111555556e-03
1.111111111555556e-03
1.111111111555556e-03
1.111111111555556e-03
1.111111111555556e-03
1.111111111555556e-03
5.555555557777784e-04
5.555555557777784e-04
1.111111111555556e-03
5.555555557777784e-04
5.555555557777784e-04
5.555555557777784e-04
5.555555557777784e-04
5.555555557777784e-04
5.555555557777784e-04
5.555555557777784e-04
5.555555557777784e-04
5.555555557777784e-04
1.111111111555556e-03
1.111111111555556e-03
1.111111111555556e-03
1.111111111555556e-03
1.111111111555556e-03
1.111111111555556e-03
1.111111111555556e-03
1.111111111555556e-03
1.111111111555556e-03
1.111111111555556e-03
1.111111111555556e-03
1.111111111555556e-03
1.111111111555556e-03
1.111111111555556e-03
1.111111111555556e-03
1.111111111555556e-03
1.111111111555556e-03
1.111111111555556e-03
1.111111111555556e-03
1.111111111555556e-03
1.111111111555556e-03
1.111111111555556e-03
5.555555557777781e-04
5.555555557777781e-04
5.555555557777781e-04
5.555555557777781e-04
5.555555557777781e-04
5.555555557777781e-04
5.555555557777781e-04
5.555555557777781e-04
5.555555557777781e-04
5.555555557777781e-04
5.555555557777781e-04
1.111111111555556e-03
1.111111111555556e-03
1.111111111555556e-03
1.111111111555556e-03
1.111111111555556e-03
1.111111111555556e-03
1.111111111555556e-03
1.111111111555556e-03
1.111111111555556e-03
1.111111111555556e-03
1.111111111555556e-03
2.222222223111112e-03
2.222222223111112e-03
2.222222223111112e-03
2.222222223111112e-03
2.222222223111112e-03
2.222222223111112e-03
2.222222223111112e-03
2.222222223111112e-03
2.222222223111112e-03
2.222222223111112e-03
2.222222223111112e-03
2.222222223111111e-03
2.222222223111111e-03
2.222222223111111e-03
2.222222223111111e-03
2.222222223111111e-03
2.222222223111111e-03
2.222222223111111e-03
2.222222223111111e-03
2.222222223111111e-03
2.222222223111111e-03
2.222222223111111e-03
1.111111111555556e-03
1.111111111555556e-03
1.111111111555556e-03
1.111111111555556e-03
1.111111111555556e-03
1.111111111555556e-03
1.111111111555556e-03
1.111111111555556e-03
1.111111111555556e-03
1.111111111555556e-03
1.111111111555556e-03
1.111111111555556e-03
1.111111111555556e-03
1.111111111555556e-03
1.111111111555556e-03
1.111111111555556e-03
1.111111111555556e-03
1.111111111555556e-03
1.111111111555556e-03
1.111111111555556e-03
1.111111111555556e-03
1.111111111555556e-03
5.555555557777779e-04
5.555555557777779e-04
5.555555557777779e-04
5.555555557777779e-04
5.555555557777779e-04
5.555555557777779e-04
5.555555557777779e-04
5.555555557777779e-04
5.555555557777779e-04
5.555555557777779e-04
5.555555557777779e-04
2.222222223111111e-03
2.222222223111111e-03
2.222222223111111e-03
2.222222223111111e-03
2.222222223111111e-03
2.222222223111111e-03
2.222222223111111e-03
2.222222223111111e-03
2.222222223111111e-03
2.222222223111111e-03
2.222222223111111e-03
2.222222223111111e-03
2.222222223111111e-03
2.222222223111111e-03
2.222222223111111e-03
2.222222223111111e-03
2.222222223111111e-03
2.222222223111111e-03
2.222222223111111e-03
2.222222223111111e-03
2.222222223111111e-03
1.111111111555556e-03
1.111111111555556e-03
1.111111111555556e-03
1.111111111555556e-03
1.111111111555556e-03
1.111111111555556e-03
1.111111111555556e-03
1.111111111555556e-03
1.111111111555556e-03
1.111111111555556e-03
5.555555557777781e-04
5.555555557777781e-04
5.555555557777781e-04
5.555555557777781e-04
5.555555557777781e-04
5.555555557777781e-04
5.555555557777781e-04
5.555555557777781e-04
5.555555557777781e-04
5.555555557777781e-04
5.555555557777781e-04
1.111111111555556e-03
1.111111111555556e-03
1.111111111555556e-03
1.111111111555556e-03
1.111111111555556e-03
1.111111111555556e-03
1.111111111555556e-03
1.111111111555556e-03
1.111111111555556e-03