7.233300002616299e-04
7.233300002616299e-04
1.446660000523260e-03
7.233300002616299e-04
1.446660000523260e-03
2.893320001046520e-03
1.446660000523260e-03
7.233300002616299e-04
1.446660000523260e-03
7.233300002616299e-04
1.446660000523260e-03
7.233300002616299e-04
1.446660000523260e-03
2.893320001046520e-03
1.446660000523260e-03
7.233300002616299e-04
1.446660000523260e-03
7.233300002616299e-04
2.777777778888889e-04
1.111111111555556e-03
1.111111111555555e-03
5.555555557777778e-04
2.777777778888890e-04
5.555555557777780e-04
5.555555557777780e-04
1.111111111555556e-03
2.777777778888890e-04
1.111111111555556e-03
5.555555557777782e-04
5.555555557777782e-04
5.555555557777778e-04
5.555555557777780e-04
2.777777778888892e-04
5.555555557777780e-04
2.777777778888889e-04
5.555555557777778e-04
1.111111111555556e-03
1.111111111555555e-03
2.777777778888890e-04
5.555555557777780e-04
2.777777778888890e-04
5.555555557777780e-04
5.555555557777782e-04
5.555555557777780e-04
1.111111111555556e-03
2.777777778888892e-04
1.111111111555556e-03
5.555555557777780e-04
5.555555557777782e-04
5.555555557777778e-04
1.227271968449212e-01
2.529139333082943e-04
5.058278666165887e-04
5.058278666165887e-04
5.058278666165885e-04
1.111111111555556e-03
5.058278666165887e-04
5.555555557777784e-04
5.058278666165885e-04
5.058278666165885e-04
5.058278666165885e-04
5.058278666165885e-04
1.111111111555556e-03
5.058278666165885e-04
6.280333339182066e-04
6.280333339182066e-04
2.529139333082944e-04
1.111111111555556e-03
5.058278666165885e-04
6.280333339182064e-04
5.058278666165885e-04
6.280333339182064e-04
5.555555557777781e-04
3.140166669591034e-04
1.111111111555556e-03
2.529139333082944e-04
3.140166669591033e-04
2.222222223111112e-03
2.529139333082944e-04
6.280333339182066e-04
2.529139333082943e-04
2.529139333082944e-04
6.280333339182066e-04
2.529139333082943e-04
2.222222223111111e-03
2.529139333082944e-04
6.280333339182064e-04
6.280333339182064e-04
1.111111111555556e-03
2.529139333082944e-04
3.140166669591034e-04
2.529139333082944e-04
1.111111111555556e-03
2.529139333082944e-04
5.058278666165887e-04
5.555555557777779e-04
2.529139333082943e-04
3.140166669591033e-04
3.140166669591033e-04
2.529139333082943e-04
3.140166669591034e-04
2.529139333082943e-04
2.529139333082943e-04
2.222222223111111e-03
3.140166669591033e-04
2.222222223111111e-03
5.058278666165887e-04
5.058278666165887e-04
1.111111111555556e-03
2.529139333082943e-04
5.555555557777781e-04
3.140166669591034e-04
5.058278666165887e-04
5.058278666165887e-04
1.111111111555556e-03
2.305555468648106e-04
9.222221874592425e-04
4.611110937296214e-04
9.222221874592427e-04
9.222221874592427e-04
9.222221874592427e-04
9.222221874592429e-04
9.222221874592429e-04
1.844444374918486e-03
9.222221874592429e-04
9.222221874592425e-04
9.222221874592425e-04
9.222221874592421e-04
9.222221874592425e-04
9.222221874592427e-04
9.222221874592427e-04
1.844444374918485e-03
9.222221874592427e-04
4.611110937296215e-04
4.611110937296215e-04
4.611110937296215e-04
4.611110937296216e-04
4.611110937296216e-04
4.611110937296213e-04
9.222221874592432e-04
4.611110937296216e-04
4.611110937296211e-04
4.611110937296211e-04
4.611110937296211e-04
4.611110937296212e-04
4.611110937296212e-04
9.222221874592425e-04
4.611110937296212e-04
2.305555468648107e-04
4.611110937296215e-04
4.611110937296213e-04
2.305555468648108e-04
2.305555468648106e-04
2.305555468648106e-04
2.305555468648106e-04
4.611110937296213e-04
2.305555468648107e-04
2.305555468648107e-04
4.611110937296213e-04
2.305555468648107e-04
9.222221874592425e-04
9.222221874592425e-04
9.222221874592425e-04
9.222221874592427e-04
9.222221874592427e-04
1.844444374918485e-03
4.611110937296211e-04
9.222221874592427e-04
9.222221874592421e-04
9.222221874592421e-04
9.222221874592421e-04
9.222221874592424e-04
9.222221874592424e-04
1.844444374918485e-03
9.222221874592424e-04
4.611110937296213e-04
4.611110937296213e-04
2.305555468648107e-04
4.611110937296213e-04
4.611110937296214e-04
4.611110937296214e-04
9.222221874592429e-04
4.611110937296214e-04
2.305555468648107e-04
2.305555468648107e-04
2.305555468648107e-04
2.305555468648108e-04
2.305555468648108e-04
4.611110937296213e-04
4.611110937296216e-04
2.305555468648108e-04
4.611110937296215e-04
4.611110937296215e-04
4.611110937296215e-04
4.611110937296216e-04
4.611110937296216e-04
9.222221874592432e-04
4.611110937296216e-04
4.611110937296213e-04
9.222221874592427e-04
4.611110937296213e-04
4.611110937296213e-04
4.611110937296214e-04
4.611110937296214e-04
9.222221874592429e-04
4.611110937296214e-04
2.305555468648108e-04
2.305555468648108e-04
2.305555468648108e-04
2.305555468648109e-04
9.222221874592425e-04
2.305555468648109e-04
4.611110937296218e-04
2.305555468648109e-04
4.611110937296213e-04
4.611110937296213e-04
4.611110937296213e-04
4.611110937296214e-04
4.611110937296214e-04
9.222221874592428e-04
4.611110937296214e-04
4.611110937296215e-04
4.611110937296211e-04
4.611110937296211e-04
4.611110937296211e-04
4.611110937296212e-04
4.611110937296212e-04
9.222221874592425e-04
4.611110937296212e-04
2.305555468648107e-04
2.305555468648107e-04
2.305555468648107e-04
4.611110937296211e-04
2.305555468648108e-04
2.305555468648108e-04
4.611110937296216e-04
2.305555468648108e-04
4.611110937296213e-04
4.611110937296213e-04
4.611110937296213e-04
4.611110937296214e-04
4.611110937296214e-04
9.222221874592428e-04
2.324333282655680e-04
2.324333282655680e-04
4.648666565311359e-04
4.648666565311361e-04
4.648666565311360e-04
4.648666565311361e-04
4.648666565311359e-04
4.648666565311361e-04
4.648666565311360e-04
4.648666565311360e-04
4.648666565311358e-04
4.648666565311360e-04
2.324333282655681e-04
4.648666565311359e-04
4.648666565311361e-04
4.648666565311359e-04
4.648666565311361e-04
2.324333282655682e-04
2.324333282655681e-04
2.324333282655682e-04
2.324333282655681e-04
2.324333282655682e-04
2.324333282655681e-04
2.324333282655680e-04
2.324333282655682e-04
2.324333282655681e-04
2.324333282655681e-04
2.324333282655681e-04
2.324333282655681e-04
2.324333282655681e-04
2.324333282655682e-04
2.324333282655681e-04
2.324333282655682e-04
2.324333282655681e-04
2.324333282655680e-04
2.324333282655681e-04
2.324333282655680e-04
2.324333282655680e-04
2.324333282655680e-04
2.324333282655680e-04
4.648666565311361e-04
2.324333282655680e-04
2.324333282655681e-04
2.324333282655680e-04
2.324333282655681e-04
4.648666565311363e-04
4.648666565311361e-04
4.648666565311363e-04
4.648666565311361e-04
4.648666565311363e-04
4.648666565311361e-04
4.648666565311360e-04
4.648666565311363e-04
4.648666565311361e-04
4.648666565311361e-04
4.648666565311360e-04
4.648666565311361e-04
4.648666565311361e-04
4.648666565311363e-04
4.648666565311361e-04
4.648666565311363e-04
4.648666565311361e-04
2.324333282655681e-04
4.648666565311359e-04
4.648666565311361e-04
4.648666565311360e-04
4.648666565311361e-04
4.648666565311359e-04
4.648666565311361e-04
4.648666565311360e-04
4.648666565311360e-04
4.648666565311358e-04
4.648666565311360e-04
2.324333282655680e-04
4.648666565311359e-04
4.648666565311361e-04
4.648666565311359e-04
4.648666565311361e-04
2.324333282655682e-04
2.324333282655681e-04
2.324333282655682e-04
2.324333282655681e-04
2.324333282655682e-04
2.324333282655681e-04
4.648666565311361e-04
2.324333282655682e-04
2.324333282655681e-04
2.324333282655681e-04
2.324333282655681e-04
2.324333282655681e-04
2.324333282655681e-04
2.324333282655682e-04
2.324333282655681e-04
2.324333282655682e-04
2.324333282655681e-04
4.648666565311360e-04
2.324333282655680e-04
2.324333282655681e-04
2.324333282655680e-04
2.324333282655681e-04
2.324333282655680e-04
2.324333282655681e-04
2.324333282655680e-04
2.324333282655680e-04
2.324333282655680e-04
2.324333282655680e-04
2.324333282655681e-04
2.324333282655680e-04
2.324333282655681e-04
2.324333282655680e-04
2.324333282655681e-04
4.648666565311363e-04
4.648666565311361e-04
4.648666565311363e-04
4.648666565311361e-04
4.648666565311363e-04
4.648666565311361e-04
2.324333282655681e-04
4.648666565311363e-04
4.648666565311361e-04
4.648666565311361e-04
4.648666565311360e-04
4.648666565311361e-04
4.648666565311361e-04
4.648666565311363e-04
4.648666565311361e-04
4.648666565311363e-04
4.648666565311361e-04