5.800125620092754e-04
4.531197910304787e-04
8.150441384393065e-04
5.114100835703564e-04
8.538116140369172e-04
1.689038402359738e-03
9.138651912647666e-04
4.648432996827675e-04
8.368011808386256e-04
4.638478719447991e-04
1.228670063630879e-03
6.314874287782778e-04
1.068293917590104e-03
2.369849520354288e-03
1.042104624587671e-03
6.026310802206575e-04
1.118140686259762e-03
6.200633101220366e-04
2.491156021687860e-03
9.990217360916596e-03
1.002536180630710e-02
2.519773375740686e-05
7.982253789820193e-06
5.005824403521196e-03
2.066003313670527e-05
1.122818788936970e-05
2.475270159703353e-03
1.099808288601776e-05
2.397526017358404e-05
4.968625910371831e-03
2.267133406609768e-05
5.019287129917755e-03
2.535864873888097e-03
4.996377285180316e-03
1.226900287247666e-05
5.041168154902714e-03
1.129645177741147e-05
1.018221098135579e-05
2.515988707699176e-03
2.543054133924411e-05
1.272791259869535e-05
5.045656975506881e-03
2.030617164532367e-05
1.816137793022537e-05
1.007365527498992e-02
7.892198451117920e-06
9.915949102798033e-03
2.565894896195931e-05
5.059900655257655e-03
5.011791191727470e-03
1.947183255536548e-02
3.792193503712813e-07
3.196233737325653e-05
1.742711706483787e-05
3.493333445249195e-04
8.211084919386653e-04
1.474093416826192e-05
7.915606559324631e-04
3.234692931110782e-04
3.283452837411007e-04
3.391272251330108e-04
3.201766070168683e-04
8.024581707344602e-04
3.221572170370586e-04
7.774333712036966e-04
8.104734484725048e-04
2.401301094034805e-04
8.087747052170836e-04
3.083321867218533e-04
7.590544962108923e-04
3.319285555637338e-04
7.612624188622967e-04
7.568619058256460e-04
4.038148170562208e-04
7.560065135335376e-04
2.406859287449745e-04
2.174290315407604e-04
1.649225836399821e-03
2.633582962097398e-04
2.520255616760325e-04
5.606661840696875e-07
2.436434656434634e-04
2.740527460339502e-04
3.729442910856724e-07
1.556831696904276e-03
2.491918614484988e-04
2.459055439690900e-04
2.444751995529887e-04
7.345081935850645e-04
2.627602963000006e-04
2.123868631653836e-04
2.504158521942918e-04
7.851084252822354e-04
2.529726310424659e-04
3.552528910279083e-05
7.933423819918095e-04
4.622266370970079e-08
4.593376602477738e-04
4.196569091248344e-04
9.159432846588720e-07
4.526772183210525e-04
5.605296060828179e-07
5.089744878986336e-07
1.606820837899599e-03
2.125504773019599e-04
1.506252602632896e-03
3.292512343492293e-05
1.148848093993210e-05
7.495725514019036e-04
6.072449609430636e-07
7.958043443550844e-04
2.226772370638207e-04
2.174043827271755e-05
2.684554157552486e-05
7.707200206121019e-04
4.479097478097160e-04
6.445171387548734e-04
1.252392091954860e-03
1.555085443827336e-03
1.570477970505838e-03
1.555834583290483e-03
1.445507151843759e-03
1.456964238239503e-03
2.186376754289265e-03
1.404909950989876e-03
1.656703609334213e-03
1.511589632036974e-03
7.110629317463929e-04
1.556849628696673e-03
1.475296474409217e-03
1.513361099171527e-03
2.066671417448982e-03
1.460891686887191e-03
1.256676353639347e-03
1.230009012700240e-03
1.247074305330505e-03
1.246971410784145e-03
1.221670432916496e-03
9.878866784676227e-04
1.695053795870090e-03
1.236842884332173e-03
1.078869845405165e-03
1.020813678589882e-03
9.809232884713749e-04
1.020545487398383e-03
1.028321316893083e-03
1.390422912482193e-03
1.063176689578211e-03
5.863456319929999e-04
5.649445428562570e-04
5.742553342291237e-04
5.828375107229558e-04
4.503074650594936e-04
4.498779842645967e-04
4.490924177614862e-04
5.159356050851270e-05
4.656537682105477e-04
4.270947014354658e-04
5.950204890052234e-04
4.413671308689174e-04
7.010164452649942e-04
6.228976467620820e-04
6.577388500088516e-04
7.247076429384012e-04
7.163371415112067e-04
1.176803166754581e-03
5.181402609312127e-05
7.044438016343291e-04
6.819766530725891e-04
6.870168942517001e-04
6.593333607924919e-04
7.246769379989409e-04
7.021142175632004e-04
1.281697202249402e-03
6.890900747930574e-04
1.062796916304478e-03
1.033818892858086e-03
4.546129068217559e-04
1.022635057526157e-03
1.011769715789838e-03
1.018037330690598e-03
1.432423210990757e-03
1.070862128292658e-03
5.726424920713328e-04
5.883791125157613e-04
5.723620979224641e-04
5.930515431804880e-04
5.783538734573773e-04
1.235244243040519e-03
8.995860968974609e-04
5.713107848600431e-04
5.517798438370698e-04
5.538375731356794e-04
5.512287083569725e-04
5.865609706406579e-04
5.572404068585263e-04
1.040727791576335e-03
5.850380568258102e-04
5.751538050260021e-04
1.461326072660354e-03
5.529194958947854e-04
5.322370769900670e-04
5.838834990217856e-04
5.422094253423081e-04
1.055975750474369e-03
5.754973061538228e-04
5.856750978932205e-04
5.865680059733286e-04
5.787273140337710e-04
6.100235446955248e-04
1.536212524158671e-03
6.022369130244336e-04
8.862112246104736e-04
5.767799860308666e-04
5.036511964542457e-05
5.091903311664500e-05
5.263033176952216e-05
5.121939597079593e-05
5.252494264325543e-05
2.522001946161870e-04
5.239413770426374e-05
1.233083457566976e-03
5.255457202312226e-05
4.799867527995904e-05
4.759453677923411e-05
5.039560711588278e-05
5.278262797741575e-05
2.487968614161483e-04
5.525743504207039e-05
4.306439190154018e-04
4.497080722257205e-04
4.615311104072423e-04
1.020456888001496e-03
4.502988785414767e-04
4.461051400828802e-04
5.742050183559651e-04
4.548455531959266e-04
1.279585309419626e-03
1.243208437169676e-03
1.263297351459382e-03
1.221700468893246e-03
1.265484805647707e-03
1.632926600356828e-03
1.066577866608170e-03
1.044527894866099e-03
2.065794627329491e-03
2.054924971008171e-03
2.070507132901312e-03
2.160980649026196e-03
2.099748238280379e-03
2.083289564628069e-03
2.132141909003823e-03
2.086138160500125e-03
2.135803478646565e-03
2.139849526750429e-03
1.023259496054444e-03
2.077523932162046e-03
2.038165973505827e-03
2.138500538750722e-03
2.146337154058459e-03
1.065292317823930e-03
1.021422560367879e-03
1.059132652852163e-03
1.004095896374021e-03
1.018111159031655e-03
1.041208250472577e-03
1.037685690383217e-03
1.056482159736173e-03
1.038123640964382e-03
1.082027708575040e-03
1.039416265488437e-03
1.071761645185587e-03
1.056117498734149e-03
1.043711921987422e-03
1.073496463040886e-03
1.057024118304989e-03
1.053570340153416e-03
1.057543870903550e-03
1.033338133153107e-03
1.044494222246424e-03
1.051845368172110e-03
1.086642123560909e-03
1.089389845243788e-03
2.135251247683908e-03
1.078366210767221e-03
1.040751964027579e-03
1.050582429429560e-03
1.072635490073277e-03
2.063440498163461e-03
2.165033970415909e-03
2.124242366304441e-03
2.110353012306293e-03
2.126239161630487e-03
2.106182923250914e-03
2.097893658141104e-03
2.112516823825924e-03
2.131921016618761e-03
2.059558808361068e-03
2.078300629297134e-03
2.084696990336799e-03
2.191865175791399e-03
2.143390665146485e-03
2.116504128922345e-03
2.119732426233215e-03
2.037385379326222e-03
1.035353659435059e-03
2.142350728939831e-03
2.143279608357116e-03
2.067903996957633e-03
2.093875895037766e-03
2.130759392054287e-03
2.125603476447230e-03
2.089610265536166e-03
2.161578351494461e-03
2.078743868724431e-03
2.148167489911566e-03
1.045034681261244e-03
2.096787759517350e-03
2.036612579235651e-03
2.087376001916811e-03
2.125843243458041e-03
1.046620293493925e-03
1.054554182265375e-03
1.087534268394972e-03
1.057967687963817e-03
1.051669067314861e-03
1.052055637968086e-03
2.040087090741578e-03
1.060213499046879e-03
1.029700780858436e-03
1.051803703917366e-03
1.034462286826408e-03
1.053714952830710e-03
1.068850032128231e-03
1.030812776471193e-03
1.030245460174921e-03
1.055485997935096e-03
1.054976454874821e-03
2.155389288080876e-03
1.043418889381969e-03
1.078232750461563e-03
1.067668338682431e-03
1.053276930414623e-03
1.055473202339620e-03
1.066315157319155e-03
1.025253696343935e-03
1.042464490608653e-03
1.012538816381928e-03
1.030133263006167e-03
1.031775921146258e-03
1.036376678517588e-03
1.022358066556717e-03
1.032372321606563e-03
1.049881949146684e-03
2.046417794662560e-03
2.138367590268883e-03
2.076004821108380e-03
2.069080293804919e-03
2.076837585400068e-03
2.125277561406245e-03
1.038814414553428e-03
2.088932826304512e-03
2.001331898915623e-03
2.100812203268431e-03
2.156458191719816e-03
2.093715164399855e-03
2.114548297460553e-03
2.080880023799102e-03
2.087854386579682e-03
2.124649724188213e-03
2.102119257632437e-03
