1.230359595683695e-02
9.487921763138733e-03
1.715584713383578e-02
1.064427853816597e-02
1.657778156004498e-02
3.074501428636723e-02
1.846383038719069e-02
9.905035192787183e-03
1.650453966794885e-02
8.348815012141133e-03
2.132627876198968e-02
1.381901221975568e-02
2.166300999670057e-02
3.788329615053954e-02
2.093928740214324e-02
1.350309350527823e-02
2.094080232927809e-02
1.390398190414999e-02
4.223211689532036e-02
1.684551012003795e-01
1.699468338338193e-01
1.086320102103855e-04
4.707128346836954e-05
8.500861479842571e-02
7.805727534559995e-05
7.850072393011943e-05
4.260075668571518e-02
5.017279522689934e-05
1.614751415104365e-04
8.481414327980022e-02
1.300422794940915e-04
8.464949970948511e-02
4.262738072429784e-02
8.431385632138701e-02
5.163209613101571e-05
8.509880775818604e-02
5.865094165358187e-05
4.357703578961037e-05
4.213326951139607e-02
1.184579973312339e-04
3.358343970916167e-05
8.421649485535455e-02
1.485546210915345e-04
1.359875878677030e-04
1.690060705295764e-01
4.877768545696881e-05
1.692415611178149e-01
1.429420250644853e-04
8.389945606177208e-02
8.394088770728560e-02
1.878037118876819e-01
0.000000000000000e+00
2.000556468146897e-04
1.148317412287270e-04
4.641965591872577e-03
1.232674775019405e-02
1.093356732155826e-04
1.298170151676459e-02
3.661485813609035e-03
3.401045261853142e-03
3.391009675397072e-03
3.716948262990627e-03
1.405353099835338e-02
3.885557638568571e-03
9.145494241238339e-03
1.028688627593511e-02
3.342703443649953e-03
1.162105923503987e-02
3.598937050810492e-03
1.054100805049529e-02
4.056802826198692e-03
9.346162456495223e-03
1.289768188507878e-02
6.462940643359616e-03
1.178171725769062e-02
3.444764205596586e-03
3.474204961094074e-03
2.141278593626339e-02
3.049154280233780e-03
2.981375191211556e-03
0.000000000000000e+00
3.494488465548784e-03
3.470563898190449e-03
2.508264318912268e-06
1.769629577756860e-02
3.653318905890046e-03
2.730722237174632e-03
2.986209259233874e-03
1.412014589004684e-02
3.343092449540564e-03
3.016254776866845e-03
2.848440536581621e-03
1.201568808392040e-02
3.045207613013191e-03
2.365300609312727e-04
1.282785824878375e-02
3.166991287439914e-06
6.194163963300526e-03
6.334874908134227e-03
4.905941620725331e-07
6.638820863372531e-03
9.278207679930264e-07
6.508807253169381e-07
2.026423264760524e-02
3.406183926927042e-03
2.155097630020464e-02
3.264985264195275e-04
1.710082032673200e-04
1.179562960714975e-02
1.393145208972157e-06
1.306592179571454e-02
3.128053981981793e-03
6.265815811445920e-05
2.932068190943938e-04
1.249075150553836e-02
5.282032781906310e-03
6.190553924170673e-03
1.582478058116977e-02
1.893837164243451e-02
2.044359518549755e-02
2.094652520827367e-02
1.872600464412244e-02
1.987907531656675e-02
2.698209644586314e-02
1.841428421175806e-02
1.882828317684471e-02
2.080627357645426e-02
5.818254537189206e-03
2.009936989634298e-02
1.821038468915504e-02
1.855088712545694e-02
2.729670490953140e-02
1.795337085422944e-02
1.537008970626630e-02
1.519393430135097e-02
1.597955617398839e-02
1.549142731164466e-02
1.530683505188790e-02
1.214196854198235e-02
2.137902240065160e-02
1.599404467924615e-02
1.229823488756665e-02
1.248572162512574e-02
1.169761865639884e-02
1.240286880965869e-02
1.255912306805840e-02
1.606318015183206e-02
1.294026020150341e-02
7.871455025451725e-03
7.679213189476290e-03
8.487876459184921e-03
7.335186130148942e-03
5.329625265403594e-03
5.411164606812237e-03
5.232475728007557e-03
8.589811111505697e-04
5.360154673326179e-03
5.563115827499132e-03
7.376538000244183e-03
5.193076744035354e-03
6.849644731119042e-03
7.594660915856368e-03
8.575180581829047e-03
6.994165556534425e-03
7.600397493661150e-03
1.252001377361012e-02
9.137907518379508e-04
6.194743745254528e-03
7.018505923042541e-03
7.148480224714151e-03
6.792016258259538e-03
7.207804932477303e-03
6.866225125122585e-03
1.088909882128064e-02
7.730554714726170e-03
1.253281893696112e-02
1.155661681332276e-02
5.333748606972223e-03
1.233757303270977e-02
1.252307263712282e-02
1.264288000493252e-02
1.840618418646046e-02
1.252476081390342e-02
6.701247545606749e-03
7.606163080708940e-03
7.632992601429577e-03
7.492110018574750e-03
7.297372581888339e-03
1.616210167048848e-02
1.171651656659379e-02
8.057414748691373e-03
7.734524951956701e-03
7.796441957907520e-03
8.516618172507154e-03
8.477501625748120e-03
9.196082331982325e-03
1.721267624088796e-02
9.176130419291443e-03
8.830709304675112e-03
1.869021046150010e-02
8.389315138629174e-03
9.164979588604183e-03
8.875879113475095e-03
8.624048263300212e-03
1.607320606854046e-02
8.895342703908684e-03
6.630822370425451e-03
7.580496347145526e-03
7.093341711879477e-03
7.535850316344294e-03
2.154107447859133e-02
7.963409490912456e-03
1.170160259243858e-02
7.998218970897144e-03
7.406793532709345e-04
8.747695931106136e-04
8.570251025048493e-04
8.181975401839737e-04
8.615571923655808e-04
2.338053123821738e-03
7.889546116075508e-04
1.528570987647982e-02
8.243524856652584e-04
8.458875677206379e-04
7.769414106633122e-04
8.308607294793547e-04
8.942022604969678e-04
2.843711828518281e-03
8.225492791780198e-04
5.313197169925844e-03
5.138115912814102e-03
5.772957007138757e-03
1.171912659265218e-02
5.561431276873919e-03
5.191463910705353e-03
6.640886563218373e-03
5.522998058950180e-03
1.623002036649269e-02
1.524755788705079e-02
1.618557498295559e-02
1.594792481773766e-02
1.597366890928242e-02
1.960424980643439e-02
1.197737654365483e-02
1.153095410882088e-02
2.318736835877645e-02
2.354156960427645e-02
2.324207817946445e-02
2.388380292541115e-02
2.373315147997346e-02
2.266790790235973e-02
2.407575869801804e-02
2.243782109144377e-02
2.318057052616496e-02
2.410071954000160e-02
1.211858467468119e-02
2.326695521696820e-02
2.376014780384139e-02
2.448655536500155e-02
2.338581092044479e-02
1.209115160054353e-02
1.094876277602452e-02
1.159613707204699e-02
1.170337618532358e-02
1.172743774077390e-02
1.121481863083318e-02
1.260717204422690e-02
1.143391819095996e-02
1.186986909488042e-02
1.184684864892916e-02
1.153580429308932e-02
1.190893648708880e-02
1.201055022465880e-02
1.199020024068887e-02
1.202925957477419e-02
1.170180888038886e-02
1.133770420165092e-02
1.162768945869175e-02
1.156206249288517e-02
1.189327874817536e-02
1.161007037262607e-02
1.222030397366325e-02
1.174205839924980e-02
2.445673386318959e-02
1.125096575924545e-02
1.215807028347627e-02
1.244571062670730e-02
1.142453128341003e-02
2.349389613664244e-02
2.277906165181776e-02
2.414060080263880e-02
2.365066530910554e-02
2.416546978201950e-02
2.382788116301527e-02
2.311382670450257e-02
2.264769007160794e-02
2.339302777545527e-02
2.438363701730851e-02
2.313176408642903e-02
2.335342048900203e-02
2.382249672518811e-02
2.356657879499835e-02
2.319800024633878e-02
2.347605706381728e-02
2.449518400317175e-02
1.179521219637536e-02
2.380641915806336e-02
2.238928862789180e-02
2.290769508181257e-02
2.327370147759212e-02
2.283135564721306e-02
2.265808021547855e-02
2.220727819076274e-02
2.355040614202153e-02
2.316282492756728e-02
2.378418840817176e-02
1.192682229702769e-02
2.246856605415815e-02
2.397003128862707e-02
2.376306000951445e-02
2.405719439411769e-02
1.157638177755871e-02
1.143098906322848e-02
1.138563472341048e-02
1.138183934745030e-02
1.216328388909460e-02
1.139192570008163e-02
2.374822339334061e-02
1.105794792601955e-02
1.167670218637795e-02
1.143834129470634e-02
1.145044701297593e-02
1.189869461268245e-02
1.136840403887618e-02
1.095805540353468e-02
1.117401310148125e-02
1.149529530266591e-02
1.126049771301041e-02
2.260757512340206e-02
1.185834597890790e-02
1.150339613377583e-02
1.153346099090413e-02
1.156542514763714e-02
1.186591658552061e-02
1.216725976701127e-02
1.161444432182180e-02
1.160054405954725e-02
1.158538108938956e-02
1.148410095811414e-02
1.158530131397129e-02
1.168814069205837e-02
1.135625238930516e-02
1.174358138450771e-02
1.136520657564688e-02
2.319127816008404e-02
2.314131779712625e-02
2.428767927631270e-02
2.279698775237194e-02
2.270105096249609e-02
2.242434307481745e-02
1.157818518549903e-02
2.273729962325888e-02
2.302999482708401e-02
2.502074607036775e-02
2.278244122862816e-02
2.350698736336199e-02
2.365378541435348e-02
2.253178847604432e-02
2.368913640020765e-02
2.449545636773110e-02
2.320123477693415e-02
