2.449234642199371e-03
2.140727249980046e-03
5.744957549723040e-03
3.238894761580013e-03
4.988263656741765e-03
1.269830083219859e-02
6.848357363196556e-03
1.999619652679030e-03
4.996190537895019e-03
3.031766662388691e-03
5.472095262121002e-03
3.571130768250442e-03
5.704658773538540e-03
1.274063089476840e-02
5.677652331542049e-03
2.377862849016310e-03
6.097373115153459e-03
2.827473990237195e-03
0.000000000000000e+00
0.000000000000000e+00
0.000000000000000e+00
8.277462465230203e-03
2.298424250511743e-03
0.000000000000000e+00
9.961025747543317e-03
1.764027344870556e-02
0.000000000000000e+00
1.829550892762200e-02
9.200732309182058e-03
0.000000000000000e+00
8.204939568713600e-03
0.000000000000000e+00
0.000000000000000e+00
0.000000000000000e+00
1.982830445740547e-03
0.000000000000000e+00
1.757016543706414e-02
1.796430272588623e-02
0.000000000000000e+00
8.855502288497519e-03
1.938325940045615e-03
0.000000000000000e+00
8.257353407316259e-03
9.565623753587715e-03
0.000000000000000e+00
2.244894866862523e-03
0.000000000000000e+00
7.948224129904702e-03
0.000000000000000e+00
0.000000000000000e+00
9.308028809027750e-01
3.005970372032607e-02
5.846597110939910e-02
5.766613562445854e-02
5.902613573562123e-02
6.110750111929520e-04
5.846142457448877e-02
3.033957345337512e-04
5.945655910181812e-02
6.262255814363014e-02
5.732631292630684e-02
6.083348926767940e-02
5.501036706050400e-04
5.567476811120287e-02
5.908100448141339e-02
5.603274739405607e-02
2.703890070915805e-02
5.896583780895526e-04
5.784519915323472e-02
5.669944772671443e-02
5.476164361607518e-02
5.737938374659279e-02
4.570387055196078e-04
3.289437218336388e-02
7.382466847047908e-04
3.072254713333678e-02
5.466511718259425e-02
9.859641066896074e-04
3.051084509934298e-02
1.032384883874329e-01
3.067015361375525e-02
2.941554149219883e-02
9.831132525869181e-02
2.879825209311093e-02
1.033994578278908e-03
2.886093565757619e-02
1.036984125094023e-01
9.702144916809631e-02
7.063695270517201e-04
2.973128676603665e-02
5.307817454013276e-02
3.052575556648663e-02
7.233771634673758e-04
2.992172894664691e-02
5.917259523994289e-02
3.684862178943150e-04
2.907676306858776e-02
3.258257249399322e-02
3.555700134165819e-02
2.863935981076792e-02
3.296255542954895e-02
3.082382452339516e-02
3.056228300920338e-02
8.110179504683402e-04
5.405911777052098e-02
1.002242952154120e-03
5.684660177212208e-02
5.893677144922548e-02
7.270742247555972e-04
3.117609231412644e-02
2.656104751395106e-04
5.239859317953233e-02
6.275857982836897e-02
6.446137783495941e-02
5.370646314872828e-04
3.881540390284499e-02
1.018639965041075e-01
9.631578557309696e-02
9.892695465532594e-02
8.895718680287244e-02
9.142043341125829e-02
8.128462098102320e-02
7.296019633213292e-02
1.355615044740262e-01
8.141027873352870e-02
9.016992450051475e-02
9.102326427819207e-02
1.034991038468433e-01
1.027470291446662e-01
7.942431484843837e-02
7.591875417710980e-02
1.661469166865572e-01
8.846821017505135e-02
1.060786984016886e-01
1.001568342180690e-01
1.041439926339080e-01
9.488828197936529e-02
9.498341933067424e-02
9.540468559134752e-02
1.307880959939212e-01
9.839151766209397e-02
1.004157157876762e-01
1.021953566378215e-01
1.036623653344577e-01
1.062133802624885e-01
1.116888466349337e-01
1.458456679247320e-01
1.096642051852541e-01
4.000387945779948e-02
4.081131425664353e-03
3.825894657438766e-03
4.069675561549957e-02
4.149468234390952e-02
4.061211519365316e-02
4.125322341133142e-02
1.206728562647186e-02
4.525620849744883e-02
4.360724973957986e-02
6.632177755818702e-02
4.407234597601927e-02
9.790202874864917e-02
1.026832101779292e-01
9.918500868661793e-02
1.046826314122882e-01
1.009382274205564e-01
1.568331305752508e-01
1.140608620698913e-02
1.111972790240543e-01
1.088448437367333e-01
1.072041209554300e-01
1.011644409300061e-01
9.348332880472299e-02
9.622885464341378e-02
1.503490723262075e-01
1.053909648035188e-01
1.031868165009655e-01
1.016435462079244e-01
3.974899519380415e-02
9.502233333478216e-02
9.689793907455169e-02
1.002558137115557e-01
1.447144624544308e-01
1.017200935020810e-01
3.782848072296473e-02
3.594936040826724e-02
3.689485002541915e-02
3.899055879082880e-02
3.992798237231909e-02
9.794230227998924e-02
5.436617881787242e-02
4.133121397171635e-02
4.050331176131293e-03
4.204267464501753e-03
4.242651019012555e-03
4.097820115021023e-03
4.002042714546405e-03
3.164521048529423e-02
3.676047110275249e-03
4.264251677795983e-03
9.111419497639872e-02
4.084421259904048e-03
3.788578467265325e-03
3.755037304927099e-03
3.748203340819601e-03
2.794048400028260e-02
4.059335581132473e-03
3.967182232008781e-02
3.819462948376895e-02
3.751820311299525e-02
3.637047889424139e-02
9.633553812454920e-02
3.818770377620240e-02
5.898523169889813e-02
3.760521778167458e-02
1.501375673251460e-02
1.303611872026522e-02
1.316284783933952e-02
2.189789527619724e-02
2.004035006757476e-02
4.916872591275023e-02
2.387564042510349e-02
9.717900655232369e-02
1.616649543939275e-02
1.286593029362848e-02
1.296573855688621e-02
2.320828003212227e-02
2.606563930021366e-02
5.476228889892810e-02
2.308132925099926e-02
4.290023646899499e-02
4.079118857407593e-02
3.860851439822000e-02
1.042126783140702e-01
4.197313248732826e-02
4.246100573072908e-02
6.604799044725951e-02
4.288839478977025e-02
9.856085761566645e-02
1.006336046557408e-01
9.025958433630876e-02
9.239128362969495e-02
9.920195351878648e-02
1.383815580193186e-01
9.305036863952409e-02
8.781219887896441e-02
1.851297195826192e-01
1.913758408627473e-01
1.770981646841392e-01
1.843674779811408e-01
1.816621764155570e-01
1.783927498618141e-01
1.877986094623338e-01
1.854761822905857e-01
1.846755783772096e-01
1.807248119439464e-01
9.192905422241895e-02
1.807067834306508e-01
1.853481896978338e-01
1.875264675763901e-01
1.811734165239613e-01
8.934418903663754e-02
9.390835839440115e-02
9.166164112684783e-02
9.151167936215643e-02
9.168991535261738e-02
8.817011905193795e-02
9.357893903506920e-02
8.832738088676706e-02
9.426287974929438e-02
9.743098211765755e-02
8.717051187704783e-02
8.900792278291192e-02
9.143838311138097e-02
8.993853887659498e-02
9.391004302597138e-02
9.397477819584310e-02
9.056148804666010e-02
8.721418422646819e-02
9.107607895566618e-02
9.032401410513559e-02
9.247162380779628e-02
9.250627204892226e-02
9.341701737139374e-02
1.809191258216742e-01
9.205039695370944e-02
9.092516158125365e-02
9.382092503074091e-02
9.232775036070962e-02
1.858648100460414e-01
1.909022328036372e-01
1.832546162768267e-01
1.797701085743029e-01
1.848814580880571e-01
1.852272705873474e-01
1.892302310443483e-01
1.769602613348980e-01
1.875744450953789e-01
1.811395071563311e-01
1.853599525638857e-01
1.877123878512066e-01
1.862888643227052e-01
1.863582002115436e-01
1.857889523671474e-01
1.804339519294444e-01
1.786944072810002e-01
9.193629518267700e-02
1.849504393176176e-01
1.882584843260701e-01
1.866814130335115e-01
1.845242767885793e-01
1.809573699138128e-01
1.851166562992148e-01
1.867401091440115e-01
1.887408603506628e-01
1.756185261765495e-01
1.812908087449614e-01
9.334923804271968e-02
1.857903710042593e-01
1.797576363896951e-01
1.862980657606386e-01
1.848076101450715e-01
9.346324129728603e-02
9.022384256240913e-02
9.057961507642177e-02
9.006013775069734e-02
9.150516742374747e-02
8.952892711386085e-02
1.868167549546342e-01
9.558825132262426e-02
8.953964570537210e-02
8.996648799802642e-02
9.139062232861761e-02
9.238545145490207e-02
8.913582671084441e-02
9.415055127465168e-02
9.175281811621971e-02
9.478071185003499e-02
9.174843413347843e-02
1.910520960518625e-01
9.295097537687980e-02
9.078911034157501e-02
9.209223689686041e-02
9.189119434449820e-02
8.843995565257502e-02
9.176740840484855e-02
9.335293241019828e-02
9.025260937050916e-02
8.846092980820686e-02
9.139830661297312e-02
9.081023227190597e-02
9.192056210304146e-02
8.893506000458727e-02
9.002277045510709e-02
9.512438654201104e-02
1.769852845172863e-01
1.762354559905361e-01
1.819977037957869e-01
1.899768873408902e-01
1.791871866444126e-01
1.856090415967628e-01
9.040388140419965e-02
1.837103928555734e-01
1.906148011621554e-01
1.768852903041988e-01
1.837855609192047e-01
1.889507595333270e-01
1.873391877743416e-01
1.833161496615503e-01
1.880506933957804e-01
1.830804982746486e-01
1.910046111152041e-01
