7.143298079198086e-05
2.857319231679235e-04
1.234567901728397e-04
2.469135840249778e-04
2.469135840249778e-04
2.469135840249773e-04
2.469135840249778e-04
2.469135840249778e-04
1.234567920124889e-04
1.234567920124891e-04
2.469135840249781e-04
2.469135840249783e-04
2.857319231679234e-04
2.469135840249781e-04
2.469135840249783e-04
2.469135840249783e-04
2.469135840249778e-04
2.469135840249783e-04
2.469135840249783e-04
1.234567920124892e-04
1.234567920124891e-04
2.469135840249781e-04
2.469135840249783e-04
2.857319231679236e-04
2.469135840249781e-04
2.469135840249783e-04
2.469135840249783e-04
2.469135840249778e-04
2.469135840249783e-04
2.469135840249783e-04
1.234567920124892e-04
6.172839600624454e-05
1.234567920124891e-04
1.234567920124891e-04
2.857319231679234e-04
1.234567920124890e-04
1.234567920124892e-04
1.234567920124892e-04
1.234567920124889e-04
1.234567920124892e-04
1.234567920124892e-04
6.172839600624458e-05
6.172839508641975e-05
6.172839508641975e-05
6.172839508641976e-05
2.857319231679234e-04
6.172839508641975e-05
6.172839508641976e-05
6.172839508641977e-05
6.172839508641977e-05
6.172839508641979e-05
6.172839508641977e-05
6.172839508641979e-05
1.234567920124888e-04
2.469135840249775e-04
6.172839508641981e-05
2.857319231679238e-04
6.172839508641981e-05
6.172839508641983e-05
6.172839508641981e-05
6.172839508641983e-05
1.234567920124889e-04
1.234567920124889e-04
1.234567920124886e-04
1.234567920124889e-04
1.234567920124889e-04
6.172839600624444e-05
1.428659615839617e-04
6.172839600624454e-05
1.234567920124891e-04
1.234567920124891e-04
1.234567901728395e-04
1.234567901728395e-04
1.234567901728395e-04
1.234567901728395e-04
1.234567901728395e-04
1.234567920124890e-04
1.234567920124892e-04
1.428659615839617e-04
1.234567920124892e-04
1.234567920124889e-04
1.234567920124892e-04
1.234567920124892e-04
6.172839600624458e-05
6.172839600624454e-05
1.234567920124891e-04
1.234567920124891e-04
2.469135803456790e-04
2.469135803456790e-04
2.857319231679234e-04
2.469135803456790e-04
2.469135803456790e-04
2.469135803456790e-04
1.234567920124890e-04
1.234567920124892e-04
1.234567920124892e-04
1.234567920124889e-04
1.234567920124892e-04
1.234567920124892e-04
6.172839600624458e-05
2.857319231679234e-04
3.086419800312227e-05
6.172839600624454e-05
6.172839600624456e-05
2.469135803456790e-04
2.469135803456790e-04
2.469135803456791e-04
2.469135803456790e-04
2.469135803456791e-04
6.172839600624452e-05
6.172839600624458e-05
1.428659615839617e-04
2.857319231679235e-04
6.172839600624458e-05
6.172839600624444e-05
6.172839600624458e-05
6.172839600624458e-05
3.086419800312229e-05
2.469135803456789e-04
2.469135803456789e-04
2.469135803456789e-04
2.469135803456789e-04
2.469135803456789e-04
2.857319231679232e-04
2.469135803456791e-04
2.469135803456791e-04
2.469135803456791e-04
2.469135803456791e-04
2.469135803456791e-04
2.469135803456791e-04
2.469135803456791e-04
2.469135803456791e-04
2.469135803456791e-04
2.469135803456791e-04
2.857319231679232e-04
3.086419800312226e-05
6.172839600624452e-05
2.469135803456786e-04
2.469135803456786e-04
2.469135803456787e-04
2.469135803456786e-04
2.469135803456787e-04
2.469135803456791e-04
2.469135803456791e-04
2.469135803456791e-04
2.857319231679237e-04
2.469135803456791e-04
2.469135803456791e-04
2.469135803456791e-04
2.469135803456791e-04
2.469135803456791e-04
2.469135803456791e-04
2.469135803456791e-04
1.234567901728395e-04
1.234567901728395e-04
1.234567901728395e-04
1.428659615839616e-04
1.234567901728395e-04
1.234567901728395e-04
1.234567901728395e-04
1.234567901728395e-04
1.234567901728396e-04
1.234567901728395e-04
1.234567901728396e-04
1.234567901728395e-04
1.234567901728395e-04
1.234567901728395e-04
1.428659615839618e-04
1.234567901728395e-04
1.234567901728395e-04
3.086419800312227e-05
6.172839600624454e-05
2.469135803456790e-04
2.469135803456790e-04
2.469135803456791e-04
2.469135803456790e-04
2.469135803456791e-04
2.469135803456791e-04
2.857319231679236e-04
2.469135803456791e-04
2.469135803456791e-04
2.469135803456791e-04
2.469135803456791e-04
2.469135803456789e-04
2.469135803456789e-04
2.469135803456790e-04
2.469135803456789e-04
2.469135803456790e-04
2.469135803456792e-04
2.857319231679235e-04
2.469135803456792e-04
2.469135803456792e-04
2.469135803456792e-04
2.469135803456792e-04
2.469135803456792e-04
2.469135803456792e-04
2.469135803456792e-04
2.469135803456792e-04
2.469135803456792e-04
6.172839600624452e-05
2.857319231679236e-04
1.234567920124890e-04
2.469135803456787e-04
2.469135803456787e-04
2.469135803456787e-04
2.469135803456787e-04
2.469135803456787e-04
2.469135803456792e-04
2.469135803456792e-04
2.469135803456792e-04
2.469135803456792e-04
2.857319231679235e-04
2.469135803456792e-04
2.469135803456792e-04
2.469135803456792e-04
2.469135803456792e-04
2.469135803456792e-04
2.469135803456792e-04
1.234567901728395e-04
1.234567901728395e-04
1.234567901728395e-04
1.234567901728395e-04
1.428659615839617e-04
2.857319231679235e-04
1.234567901728395e-04
1.234567901728396e-04
1.234567901728396e-04
1.234567901728396e-04
1.234567901728396e-04
1.234567901728396e-04
1.234567901728394e-04
1.234567901728394e-04
1.234567901728395e-04
1.234567901728394e-04
2.857319231679239e-04
1.234567901728395e-04
1.234567920124890e-04
2.469135840249781e-04
2.469135803456789e-04
2.469135803456789e-04
2.469135803456789e-04
2.469135803456789e-04
2.469135803456789e-04
2.469135803456789e-04
2.469135803456789e-04
1.428659615839617e-04
2.469135803456790e-04
2.469135803456789e-04
2.469135803456790e-04
2.469135803456787e-04
2.469135803456787e-04
2.469135803456788e-04
2.469135803456787e-04
2.469135803456788e-04
2.469135803456790e-04
2.469135803456790e-04
1.428659615839617e-04
2.469135803456790e-04
2.469135803456790e-04
2.469135803456790e-04
2.469135803456790e-04
2.469135803456790e-04
2.469135803456790e-04
2.469135803456790e-04
2.469135803456790e-04
1.234567920124890e-04
2.469135840249781e-04
2.857319231679234e-04
2.469135803456785e-04
2.469135803456785e-04
2.469135803456785e-04
2.469135803456785e-04
2.469135803456785e-04
2.469135803456790e-04
2.469135803456790e-04
2.469135803456790e-04
2.469135803456790e-04
2.469135803456790e-04
2.857319231679232e-04
2.469135803456790e-04
2.469135803456790e-04
2.469135803456790e-04
2.469135803456790e-04
2.469135803456790e-04
1.234567901728394e-04
1.234567901728394e-04
1.234567901728395e-04
1.234567901728394e-04
1.234567901728395e-04
2.857319231679235e-04
1.234567901728395e-04
1.234567901728395e-04
1.234567901728395e-04
1.234567901728395e-04
1.234567901728395e-04
1.234567901728395e-04
1.234567901728395e-04
1.234567901728396e-04
1.234567901728395e-04
1.234567901728396e-04
2.857319231679232e-04
1.234567920124890e-04
2.469135840249779e-04
2.469135803456791e-04
2.469135803456791e-04
2.469135803456791e-04
2.469135803456791e-04
2.469135803456791e-04
2.469135803456792e-04
2.469135803456792e-04
2.469135803456792e-04
2.857319231679232e-04
2.469135803456792e-04
2.469135803456792e-04
2.469135803456790e-04
2.469135803456790e-04
2.469135803456790e-04
2.469135803456790e-04
2.469135803456790e-04
2.469135803456793e-04
2.469135803456793e-04
2.469135803456793e-04
2.857319231679236e-04
2.469135803456793e-04
2.469135803456793e-04
2.469135803456793e-04
2.469135803456793e-04
2.469135803456793e-04
2.469135803456793e-04
2.469135803456793e-04
1.234567920124891e-04
2.469135840249781e-04
2.469135803456787e-04
1.428659615839618e-04
1.428659615839616e-04
2.469135803456787e-04
2.469135803456788e-04
2.469135803456787e-04
2.469135803456788e-04
2.469135803456793e-04
2.469135803456793e-04
2.469135803456793e-04
2.469135803456793e-04
2.469135803456793e-04
2.469135803456793e-04
1.428659615839617e-04
2.469135803456793e-04
2.469135803456793e-04
2.469135803456793e-04
2.469135803456793e-04
1.234567901728395e-04
1.234567901728395e-04
1.234567901728396e-04
1.234567901728395e-04
1.234567901728396e-04
1.234567901728396e-04
2.857319231679234e-04
1.234567901728396e-04
1.234567901728397e-04
1.234567901728396e-04
1.234567901728397e-04
1.234567901728395e-04
1.234567901728395e-04
1.234567901728396e-04
1.234567901728395e-04
1.234567901728396e-04
1.234567920124891e-04
2.857319231679232e-04
2.469135840249781e-04
2.469135803456791e-04
2.469135803456791e-04
2.469135803456791e-04
2.469135803456791e-04
2.469135803456791e-04
1.234567920124889e-04
2.469135840249777e-04
2.469135803456792e-04
2.469135803456792e-04
2.857319231679235e-04
2.469135803456792e-04
2.469135803456792e-04
2.469135803456792e-04
1.234567920124891e-04
2.469135840249781e-04
2.469135803456790e-04
2.469135803456790e-04
2.469135803456790e-04
2.469135803456790e-04
2.469135803456790e-04
2.857319231679232e-04
1.234567920124891e-04
2.469135840249781e-04
2.469135803456793e-04
2.469135803456793e-04
2.469135803456793e-04
2.469135803456793e-04
2.469135803456793e-04
6.172839600624454e-05
1.234567920124891e-04
2.469135803456793e-04
2.857319231679232e-04
2.469135803456793e-04
2.469135803456793e-04
2.469135803456793e-04
2.469135803456793e-04
6.172839600624452e-05
6.172839600624452e-05
1.234567920124890e-04
1.234567920124890e-04
2.469135803456787e-04
2.469135803456787e-04
2.857319231679236e-04
2.469135803456788e-04
2.469135803456787e-04
2.469135803456788e-04
1.234567920124890e-04
2.469135840249781e-04
2.469135803456793e-04
2.469135803456793e-04
2.469135803456793e-04
2.469135803456793e-04
2.469135803456793e-04
1.428659615839616e-04
1.234567920124891e-04
2.469135840249781e-04
2.469135803456793e-04
2.469135803456793e-04
2.469135803456793e-04
2.469135803456793e-04
2.469135803456793e-04
1.234567901728395e-04
1.234567901728395e-04
1.234567901728396e-04
1.428659615839619e-04
1.234567901728395e-04
1.234567901728396e-04
1.234567920124890e-04
2.469135840249780e-04
1.234567901728396e-04
1.234567901728396e-04
1.234567901728397e-04
1.234567901728396e-04
1.234567901728397e-04
1.234567920124891e-04
1.428659615839617e-04
2.857319231679238e-04
2.469135840249783e-04
1.234567901728393e-04
1.234567901728393e-04
1.234567901728393e-04
1.234567901728393e-04
1.234567901728393e-04
6.172839600624452e-05
1.234567920124891e-04
1.234567920124890e-04
2.469135840249783e-04
2.857319231679237e-04
2.469135803456786e-04
2.469135803456786e-04
2.469135803456787e-04
2.469135803456786e-04
2.469135803456787e-04
1.234567920124889e-04
2.469135840249778e-04
2.469135803456787e-04
2.469135803456787e-04
2.469135803456787e-04
2.857319231679239e-04
2.469135803456787e-04
2.469135803456787e-04
1.234567920124891e-04
2.469135840249783e-04
2.469135803456785e-04
2.469135803456785e-04
2.469135803456785e-04
2.469135803456785e-04
2.469135803456785e-04
1.234567920124891e-04
2.857319231679236e-04
2.469135840249783e-04
2.469135803456787e-04
2.469135803456787e-04
2.469135803456788e-04
2.469135803456787e-04
2.469135803456788e-04
6.172839600624456e-05
1.234567920124891e-04
2.469135803456787e-04
2.469135803456787e-04
2.857319231679236e-04
2.469135803456788e-04
2.469135803456787e-04
2.469135803456788e-04
6.172839600624448e-05
6.172839600624448e-05
1.234567920124890e-04
1.234567920124890e-04
2.469135803456782e-04
2.469135803456782e-04
2.469135803456783e-04
2.857319231679241e-04
2.469135803456782e-04
2.469135803456783e-04
1.234567920124890e-04
2.469135840249779e-04
2.469135803456787e-04
2.469135803456787e-04
2.469135803456788e-04
2.469135803456787e-04
2.469135803456788e-04
1.234567920124890e-04
1.428659615839618e-04
2.469135840249780e-04
2.469135803456787e-04
2.469135803456787e-04
2.469135803456788e-04
2.469135803456787e-04
2.469135803456788e-04
1.234567901728393e-04
1.234567901728393e-04
1.234567901728393e-04
1.234567901728393e-04
7.143298079198084e-05
1.234567901728393e-04
1.234567920124889e-04
2.469135840249778e-04
1.234567901728394e-04
1.234567901728394e-04
1.234567901728394e-04
1.234567901728394e-04
1.234567901728394e-04
1.234567920124890e-04
2.469135840249781e-04
1.428659615839617e-04
1.234567901728395e-04
1.234567901728395e-04
1.234567901728396e-04
1.234567901728395e-04
1.234567901728396e-04
6.172839600624454e-05
1.234567920124890e-04
1.234567920124891e-04
2.469135840249781e-04
2.469135803456791e-04
1.428659615839616e-04
2.469135803456791e-04
2.469135803456791e-04
2.469135803456791e-04
2.469135803456791e-04
1.234567920124888e-04
2.469135840249775e-04
2.469135803456792e-04
2.469135803456792e-04
2.469135803456792e-04
2.469135803456792e-04
1.428659615839617e-04
1.428659615839617e-04
2.469135803456792e-04
1.234567920124890e-04
2.469135840249781e-04
2.469135803456790e-04
2.469135803456790e-04
2.469135803456790e-04
2.469135803456790e-04
2.469135803456790e-04
1.234567920124890e-04
2.469135840249781e-04
1.428659615839616e-04
2.469135803456793e-04
2.469135803456793e-04
2.469135803456793e-04
2.469135803456793e-04
2.469135803456793e-04
6.172839600624452e-05
1.234567920124890e-04
2.469135803456793e-04
2.469135803456793e-04
2.469135803456793e-04
1.428659615839616e-04
2.469135803456793e-04
2.469135803456793e-04
6.172839600624454e-05
6.172839600624454e-05
1.234567920124891e-04
1.234567920124891e-04
2.469135803456787e-04
2.469135803456787e-04
2.469135803456788e-04
2.469135803456787e-04
1.428659615839618e-04
2.469135803456788e-04
1.234567920124891e-04
2.469135840249781e-04
2.469135803456793e-04
2.469135803456793e-04
2.469135803456793e-04
2.469135803456793e-04
2.469135803456793e-04
1.234567920124891e-04
2.469135840249783e-04
7.143298079198080e-05
2.469135803456793e-04
2.469135803456793e-04
2.469135803456793e-04
2.469135803456793e-04
2.469135803456793e-04
1.234567901728395e-04
1.234567901728395e-04
1.234567901728396e-04
1.234567901728395e-04
1.234567901728396e-04
1.234567920124890e-04
2.469135840249781e-04
1.234567901728396e-04
1.234567901728396e-04
1.234567901728397e-04
1.234567901728396e-04
1.234567901728397e-04
1.234567920124892e-04
2.469135840249783e-04
1.234567901728395e-04
1.234567901728395e-04
1.234567901728396e-04
1.234567901728395e-04
1.234567901728396e-04
6.172839600624443e-05
1.234567920124892e-04
1.234567920124889e-04
2.469135840249783e-04
2.469135803456791e-04
2.469135803456791e-04
2.469135803456791e-04
2.469135803456791e-04
2.469135803456791e-04
1.234567920124889e-04
2.469135840249778e-04
2.469135803456792e-04
2.469135803456792e-04
2.469135803456792e-04
2.469135803456792e-04
2.469135803456792e-04
1.234567920124892e-04
2.469135840249783e-04
2.469135803456790e-04
2.469135803456790e-04
2.469135803456790e-04
2.469135803456790e-04
2.469135803456790e-04
1.234567920124892e-04
2.469135840249783e-04
2.469135803456793e-04
2.469135803456793e-04
2.469135803456793e-04
2.469135803456793e-04
2.469135803456793e-04
6.172839600624458e-05
1.234567920124892e-04
2.469135803456793e-04
2.469135803456793e-04
2.469135803456793e-04
2.469135803456793e-04
1.428659615839619e-04
2.469135803456793e-04
6.172839600624454e-05
6.172839600624454e-05
1.234567920124891e-04
1.234567920124891e-04
2.469135803456787e-04
2.469135803456787e-04
2.469135803456788e-04
2.469135803456787e-04
2.469135803456788e-04
1.234567920124891e-04
2.469135840249781e-04
2.469135803456793e-04
2.469135803456793e-04
2.469135803456793e-04
2.469135803456793e-04
2.469135803456793e-04
1.234567920124891e-04
2.469135840249783e-04
2.469135803456793e-04
2.469135803456793e-04
2.469135803456793e-04
2.469135803456793e-04
2.469135803456793e-04
1.234567901728395e-04
1.234567901728395e-04
1.234567901728396e-04
1.234567901728395e-04
1.234567901728396e-04
1.234567920124890e-04
2.469135840249781e-04
1.234567901728396e-04
1.234567901728396e-04
1.234567901728397e-04
1.234567901728396e-04
1.234567901728397e-04
1.234567920124892e-04
2.469135840249783e-04
6.172839508641977e-05
6.172839508641977e-05
6.172839508641979e-05
6.172839508641977e-05
6.172839508641979e-05
6.172839600624454e-05
1.234567920124892e-04
1.234567920124891e-04
2.469135840249783e-04
1.234567901728395e-04
1.234567901728395e-04
1.234567901728396e-04
1.234567901728395e-04
1.234567901728396e-04
1.234567920124889e-04
2.469135840249778e-04
1.234567901728396e-04
1.234567901728396e-04
1.234567901728396e-04
1.234567901728396e-04
1.234567901728396e-04
1.234567920124892e-04
2.469135840249783e-04
1.234567901728395e-04
1.234567901728395e-04
1.234567901728395e-04
1.234567901728395e-04
1.234567901728395e-04
1.234567920124892e-04
2.469135840249783e-04
1.234567901728396e-04
1.234567901728396e-04
1.234567901728397e-04
1.234567901728396e-04
1.234567901728397e-04
6.172839600624458e-05
1.234567920124892e-04
1.234567901728396e-04
1.234567901728396e-04
1.234567901728397e-04
1.234567901728396e-04
1.234567901728397e-04
6.172839600624443e-05
1.234567920124889e-04
1.234567901728394e-04
1.234567901728394e-04
1.234567901728394e-04
1.234567901728394e-04
1.234567901728394e-04
1.234567920124889e-04
2.469135840249777e-04
1.234567901728396e-04
1.234567901728396e-04
1.234567901728397e-04
1.234567901728396e-04
1.234567901728397e-04
1.234567920124889e-04
2.469135840249778e-04
1.234567901728396e-04
1.234567901728396e-04
1.234567901728397e-04
1.234567901728396e-04
7.143298079198084e-05
1.234567901728397e-04
3.086419800312229e-05
1.234567920124889e-04
1.234567920124889e-04
1.234567920124888e-04
1.234567920124889e-04
1.234567920124889e-04
1.234567920124886e-04
1.234567920124889e-04
1.234567920124889e-04
6.172839600624444e-05
6.172839600624454e-05
1.234567920124891e-04
1.234567920124891e-04
1.234567920124890e-04
3.086419800312226e-05
1.234567920124892e-04
1.234567920124892e-04
1.234567920124889e-04
1.234567920124892e-04
1.234567920124892e-04
6.172839600624458e-05
6.172839600624454e-05
1.234567920124891e-04
1.234567920124891e-04
1.234567920124890e-04
1.234567920124892e-04
1.234567920124892e-04
1.234567920124889e-04
3.086419800312227e-05
1.234567920124892e-04
1.234567920124892e-04
6.172839600624458e-05
3.086419800312227e-05
6.172839600624454e-05
6.172839600624456e-05
6.172839600624452e-05
6.172839600624458e-05
6.172839600624458e-05
6.172839600624444e-05
6.172839600624458e-05
6.172839600624458e-05
6.172839600624452e-05
1.234567920124891e-04
1.234567920124889e-04
1.234567920124891e-04
1.234567920124891e-04
6.172839600624454e-05
6.172839600624452e-05
1.234567920124890e-04
6.172839600624452e-05
1.234567920124890e-04
1.234567920124891e-04
1.234567920124890e-04
1.234567920124891e-04
6.172839600624452e-05
1.234567920124891e-04
1.234567920124889e-04
1.234567920124891e-04
1.234567920124891e-04
6.172839600624456e-05
6.172839600624448e-05
1.234567920124890e-04
6.172839600624448e-05
1.234567920124890e-04
1.234567920124890e-04
1.234567920124889e-04
1.234567920124890e-04
6.172839600624454e-05
1.234567920124890e-04
1.234567920124888e-04
1.234567920124890e-04
1.234567920124890e-04
6.172839600624452e-05
6.172839600624454e-05
1.234567920124890e-04
6.172839600624454e-05
1.234567920124891e-04
1.234567920124891e-04
1.234567920124890e-04
1.234567920124892e-04
6.172839600624443e-05
1.234567920124892e-04
1.234567920124889e-04
1.234567920124892e-04
1.234567920124892e-04
6.172839600624458e-05
6.172839600624454e-05
1.234567920124891e-04
6.172839600624454e-05
1.234567920124891e-04
1.234567920124891e-04
1.234567920124890e-04
1.234567920124892e-04
6.172839600624454e-05
1.234567920124892e-04
1.234567920124889e-04
1.234567920124892e-04
1.234567920124892e-04
6.172839600624458e-05
1.428659615839617e-04
6.172839600624443e-05
6.172839508641976e-05
6.172839508641979e-05
6.172839508641983e-05
1.234567901728395e-04
2.469135803456790e-04
2.469135803456791e-04
2.469135803456789e-04
2.469135803456791e-04
2.469135803456791e-04
2.469135803456787e-04
2.469135803456791e-04
2.469135803456791e-04
1.234567901728395e-04
1.234567901728396e-04
1.234567901728395e-04
2.469135803456791e-04
2.469135803456791e-04
2.469135803456790e-04
2.469135803456792e-04
2.469135803456792e-04
2.469135803456787e-04
2.469135803456792e-04
2.469135803456792e-04
1.234567901728395e-04
1.234567901728396e-04
1.234567901728395e-04
2.469135803456789e-04
2.469135803456790e-04
2.469135803456788e-04
2.469135803456790e-04
2.469135803456790e-04
2.469135803456785e-04
2.469135803456790e-04
2.469135803456790e-04
1.234567901728395e-04
1.234567901728395e-04
1.234567901728396e-04
2.469135803456791e-04
2.469135803456792e-04
2.469135803456790e-04
2.469135803456793e-04
2.469135803456793e-04
2.469135803456788e-04
2.469135803456793e-04
2.469135803456793e-04
1.234567901728396e-04
1.234567901728397e-04
1.234567901728396e-04
2.469135803456791e-04
2.469135803456792e-04
2.469135803456790e-04
2.469135803456793e-04
2.469135803456793e-04
2.469135803456788e-04
2.469135803456793e-04
2.469135803456793e-04
1.234567901728396e-04
1.234567901728397e-04
1.234567901728393e-04
2.469135803456787e-04
2.469135803456787e-04
2.469135803456785e-04
2.469135803456788e-04
2.469135803456788e-04
2.469135803456783e-04
2.469135803456788e-04
2.469135803456788e-04
1.234567901728393e-04
1.234567901728394e-04
1.234567901728396e-04
2.469135803456791e-04
2.469135803456792e-04
2.469135803456790e-04
2.469135803456793e-04
2.469135803456793e-04
2.469135803456788e-04
2.469135803456793e-04
2.469135803456793e-04
1.234567901728396e-04
1.234567901728397e-04
1.234567901728396e-04
2.469135803456791e-04
2.469135803456792e-04
2.469135803456790e-04
2.469135803456793e-04
2.469135803456793e-04
2.469135803456788e-04
2.469135803456793e-04
2.469135803456793e-04
1.234567901728396e-04
1.234567901728397e-04
6.172839508641979e-05
1.234567901728396e-04
1.234567901728396e-04
1.234567901728395e-04
1.234567901728397e-04
1.234567901728397e-04
1.234567901728394e-04
1.234567901728397e-04
3.086419754320988e-05
3.086419754320989e-05
1.234567901728394e-04
1.234567901728393e-04
1.234567901728394e-04
1.234567901728394e-04
1.234567901728391e-04
1.234567901728394e-04
1.234567901728394e-04
6.172839508641969e-05
6.172839508641979e-05
1.234567901728396e-04
6.172839508641976e-05
1.234567901728396e-04
1.234567901728395e-04
1.234567901728397e-04
1.234567901728397e-04
1.234567901728394e-04
1.234567901728397e-04
1.234567901728397e-04
6.172839508641983e-05
6.172839508641979e-05
1.234567901728396e-04
1.234567901728395e-04
1.234567901728396e-04
1.234567901728395e-04
1.234567901728397e-04
1.234567901728397e-04
1.234567901728394e-04
1.234567901728397e-04
1.234567901728397e-04
6.172839508641983e-05
3.086419754320989e-05
6.172839508641979e-05
1.234567901728395e-04
6.172839508641980e-05
6.172839508641976e-05
6.172839508641983e-05
6.172839508641983e-05
6.172839508641969e-05
6.172839508641983e-05
6.172839508641983e-05
3.086419754320991e-05
6.172839508641983e-05
3.086419754320991e-05
1.234567901728395e-04
3.086419754320991e-05
6.172839508641983e-05
3.086419754320991e-05
6.172839508641966e-05
6.172839508641966e-05
1.234567901728393e-04
1.234567901728393e-04
1.234567901728394e-04
1.234567901728394e-04
1.234567901728393e-04
1.234567901728396e-04
1.234567901728393e-04
1.234567901728394e-04
1.234567901728394e-04
1.234567901728394e-04
1.234567901728394e-04
1.234567901728391e-04
1.234567901728391e-04
1.234567901728394e-04
1.234567901728394e-04
1.234567901728394e-04
1.234567901728396e-04
1.234567901728394e-04
6.172839508641969e-05
6.172839508641969e-05
6.172839508641979e-05
6.172839508641979e-05
1.234567901728396e-04
1.234567901728396e-04
1.234567901728396e-04
1.234567901728396e-04
1.234567901728395e-04
1.234567901728393e-04
1.234567901728395e-04
1.234567901728397e-04
1.234567901728397e-04
1.234567901728397e-04
1.234567901728397e-04
1.234567901728394e-04
1.234567901728394e-04
1.234567901728397e-04
1.234567901728397e-04
1.234567901728397e-04
3.086419754320988e-05
1.234567901728397e-04
6.172839508641983e-05
6.172839508641983e-05
6.172839508641979e-05
6.172839508641979e-05
1.234567901728396e-04
1.234567901728396e-04
1.234567901728396e-04
1.234567901728396e-04
1.234567901728395e-04
1.234567901728396e-04
1.234567901728395e-04
1.234567901728397e-04
1.234567901728397e-04
1.234567901728397e-04
1.234567901728397e-04
1.234567901728394e-04
1.234567901728394e-04
1.234567901728397e-04
1.234567901728397e-04
1.234567901728397e-04
6.172839508641976e-05
3.086419754320988e-05
1.234567901728397e-04
6.172839508641983e-05
6.172839508641983e-05
3.086419754320989e-05
3.086419754320989e-05
6.172839508641979e-05
6.172839508641979e-05
6.172839508641980e-05
6.172839508641980e-05
6.172839508641976e-05
6.172839508641977e-05
6.172839508641976e-05
6.172839508641983e-05
6.172839508641983e-05
6.172839508641983e-05
6.172839508641983e-05
6.172839508641969e-05
6.172839508641969e-05
6.172839508641983e-05
6.172839508641983e-05
6.172839508641983e-05
1.234567901728395e-04
1.234567901728396e-04
6.172839508641979e-05
3.086419754320988e-05
1.234567901728396e-04
1.234567901728396e-04
3.086419754320989e-05
1.234567901728396e-04
6.172839508641980e-05
6.172839508641976e-05
1.234567901728395e-04
3.086419754320989e-05
1.234567901728395e-04
1.234567901728395e-04
1.234567901728395e-04
6.172839508641976e-05
1.234567901728395e-04
1.234567901728396e-04
1.234567901728397e-04
1.234567901728395e-04
1.234567901728397e-04
6.172839508641983e-05
1.234567901728395e-04
1.234567901728396e-04
1.234567901728396e-04
1.234567901728395e-04
1.234567901728397e-04
1.234567901728396e-04
1.234567901728396e-04
1.234567901728397e-04
1.234567901728393e-04
1.234567901728393e-04
1.234567901728394e-04
3.086419754320989e-05
1.234567901728396e-04
1.234567901728396e-04
1.234567901728397e-04
1.234567901728396e-04
6.172839508641976e-05
1.234567901728396e-04
1.234567901728397e-04
6.172839508641979e-05
6.172839508641979e-05
6.172839508641983e-05
1.234567901728396e-04
6.172839508641976e-05
6.172839508641977e-05
6.172839508641976e-05
6.172839508641977e-05
6.172839508641966e-05
1.234567901728395e-04
1.234567901728395e-04
1.234567901728393e-04
1.234567901728396e-04
1.234567901728396e-04
1.234567901728394e-04
1.234567901728394e-04
1.234567901728395e-04
6.172839508641977e-05
1.234567901728395e-04
1.234567901728393e-04
1.234567901728396e-04
1.234567901728396e-04
1.234567901728394e-04
6.172839508641977e-05
1.234567901728396e-04
6.172839508641976e-05
6.172839508641977e-05
1.234567901728396e-04
1.234567901728394e-04
1.234567901728394e-04
1.234567901728394e-04
1.234567901728391e-04
1.234567901728396e-04
1.234567901728396e-04
1.234567901728394e-04
1.234567901728396e-04
1.234567901728396e-04
6.172839508641973e-05
1.234567901728396e-04
1.234567901728394e-04
6.172839508641980e-05
6.172839508641980e-05
6.172839508641969e-05
6.172839508641973e-05
6.172839508641973e-05
6.172839508641973e-05
6.172839508641973e-05
6.172839508641977e-05
6.172839508641976e-05
6.172839508641979e-05
1.234567901728395e-04
1.234567901728395e-04
1.234567901728396e-04
1.234567901728395e-04
1.234567901728395e-04
1.234567901728396e-04
1.234567901728394e-04
6.172839508641979e-05
1.234567901728394e-04
6.172839508641973e-05
1.234567901728395e-04
1.234567901728395e-04
1.234567901728395e-04
1.234567901728397e-04
6.172839508641979e-05
1.234567901728395e-04
6.172839508641979e-05
1.234567901728395e-04
1.234567901728397e-04
1.234567901728393e-04
1.234567901728395e-04
1.234567901728393e-04
1.234567901728394e-04
1.234567901728395e-04
1.234567901728395e-04
1.234567901728397e-04
1.234567901728395e-04
6.172839508641979e-05
1.234567901728395e-04
1.234567901728397e-04
6.172839508641976e-05
1.234567901728395e-04
6.172839508641976e-05
6.172839508641983e-05
6.172839508641979e-05
6.172839508641979e-05
6.172839508641979e-05
6.172839508641979e-05
6.172839508641979e-05
1.234567901728396e-04
1.234567901728396e-04
1.234567901728396e-04
1.234567901728394e-04
1.234567901728396e-04
1.234567901728396e-04
1.234567901728396e-04
1.234567901728395e-04
6.172839508641966e-05
1.234567901728395e-04
1.234567901728395e-04
1.234567901728397e-04
1.234567901728397e-04
1.234567901728397e-04
1.234567901728395e-04
6.172839508641966e-05
1.234567901728397e-04
6.172839508641966e-05
1.234567901728397e-04
1.234567901728397e-04
1.234567901728394e-04
1.234567901728394e-04
1.234567901728394e-04
1.234567901728397e-04
1.234567901728397e-04
1.234567901728395e-04
1.234567901728397e-04
1.234567901728397e-04
6.172839508641979e-05
1.234567901728397e-04
1.234567901728397e-04
6.172839508641983e-05
6.172839508641983e-05
6.172839508641983e-05
6.172839508641979e-05
6.172839508641979e-05
1.234567901728393e-04
6.172839508641979e-05
6.172839508641979e-05
3.086419754320989e-05
1.234567901728396e-04
1.234567901728396e-04
6.172839508641979e-05
1.234567901728396e-04
1.234567901728396e-04
6.172839508641980e-05
1.234567901728395e-04
1.234567901728395e-04
6.172839508641979e-05
1.234567901728395e-04
6.172839508641976e-05
1.234567901728397e-04
1.234567901728397e-04
6.172839508641983e-05
6.172839508641979e-05
1.234567901728397e-04
6.172839508641979e-05
1.234567901728397e-04
1.234567901728395e-04
6.172839508641983e-05
1.234567901728394e-04
1.234567901728394e-04
6.172839508641969e-05
1.234567901728397e-04
1.234567901728397e-04
6.172839508641983e-05
1.234567901728397e-04
1.234567901728397e-04
6.172839508641983e-05
6.172839508641973e-05
1.234567901728395e-04
6.172839508641983e-05
6.172839508641979e-05
1.234567901728396e-04
1.234567901728395e-04
1.234567901728395e-04
1.234567901728395e-04
1.234567901728397e-04
1.234567901728394e-04
1.234567901728396e-04
1.234567901728397e-04
6.172839508641979e-05
1.234567901728396e-04
6.172839508641979e-05
1.234567901728396e-04
1.234567901728396e-04
1.234567901728393e-04
1.234567901728396e-04
1.234567901728396e-04
6.172839508641979e-05
6.172839508641977e-05
1.234567901728395e-04
6.172839508641979e-05
1.234567901728396e-04
1.234567901728395e-04
1.234567901728396e-04
1.234567901728396e-04
1.234567901728394e-04
1.234567901728396e-04
1.234567901728396e-04
6.172839508641980e-05
6.172839508641973e-05
1.234567901728395e-04
6.172839508641966e-05
1.234567901728395e-04
1.234567901728394e-04
1.234567901728395e-04
1.234567901728395e-04
1.234567901728393e-04
1.234567901728395e-04
1.234567901728395e-04
6.172839508641976e-05
6.172839508641979e-05
1.234567901728396e-04
6.172839508641979e-05
1.234567901728396e-04
1.234567901728395e-04
1.234567901728397e-04
1.234567901728397e-04
1.234567901728394e-04
1.234567901728397e-04
1.234567901728397e-04
6.172839508641983e-05
6.172839508641979e-05
1.234567901728396e-04
6.172839508641979e-05
1.234567901728396e-04
1.234567901728395e-04
1.234567901728397e-04
1.234567901728397e-04
1.234567901728394e-04
1.234567901728397e-04
1.234567901728397e-04
6.172839508641983e-05
6.172839508641966e-05
1.234567901728393e-04
6.000000032202277e-02