0.000000000000000e+00
0.000000000000000e+00
0.000000000000000e+00
0.000000000000000e+00
0.000000000000000e+00
0.000000000000000e+00
0.000000000000000e+00
0.000000000000000e+00
0.000000000000000e+00
0.000000000000000e+00
0.000000000000000e+00
0.000000000000000e+00
0.000000000000000e+00
0.000000000000000e+00
0.000000000000000e+00
0.000000000000000e+00
0.000000000000000e+00
0.000000000000000e+00
0.000000000000000e+00
0.000000000000000e+00
0.000000000000000e+00
0.000000000000000e+00
0.000000000000000e+00
0.000000000000000e+00
0.000000000000000e+00
0.000000000000000e+00
0.000000000000000e+00
0.000000000000000e+00
0.000000000000000e+00
0.000000000000000e+00
0.000000000000000e+00
0.000000000000000e+00
0.000000000000000e+00
0.000000000000000e+00
0.000000000000000e+00
0.000000000000000e+00
0.000000000000000e+00
0.000000000000000e+00
0.000000000000000e+00
0.000000000000000e+00
0.000000000000000e+00
0.000000000000000e+00
0.000000000000000e+00
0.000000000000000e+00
0.000000000000000e+00
0.000000000000000e+00
0.000000000000000e+00
0.000000000000000e+00
0.000000000000000e+00
0.000000000000000e+00
0.000000000000000e+00
0.000000000000000e+00
0.000000000000000e+00
0.000000000000000e+00
0.000000000000000e+00
0.000000000000000e+00
0.000000000000000e+00
0.000000000000000e+00
0.000000000000000e+00
0.000000000000000e+00
0.000000000000000e+00
0.000000000000000e+00
0.000000000000000e+00
0.000000000000000e+00
0.000000000000000e+00
0.000000000000000e+00
0.000000000000000e+00
0.000000000000000e+00
0.000000000000000e+00
0.000000000000000e+00
0.000000000000000e+00
0.000000000000000e+00
0.000000000000000e+00
0.000000000000000e+00
0.000000000000000e+00
0.000000000000000e+00
0.000000000000000e+00
0.000000000000000e+00
0.000000000000000e+00
0.000000000000000e+00
0.000000000000000e+00
0.000000000000000e+00
0.000000000000000e+00
0.000000000000000e+00
0.000000000000000e+00
0.000000000000000e+00
0.000000000000000e+00
0.000000000000000e+00
0.000000000000000e+00
0.000000000000000e+00
0.000000000000000e+00
0.000000000000000e+00
0.000000000000000e+00
0.000000000000000e+00
0.000000000000000e+00
0.000000000000000e+00
0.000000000000000e+00
0.000000000000000e+00
0.000000000000000e+00
0.000000000000000e+00
0.000000000000000e+00
0.000000000000000e+00
0.000000000000000e+00
0.000000000000000e+00
0.000000000000000e+00
0.000000000000000e+00
0.000000000000000e+00
0.000000000000000e+00
0.000000000000000e+00
0.000000000000000e+00
0.000000000000000e+00
0.000000000000000e+00
0.000000000000000e+00
0.000000000000000e+00
0.000000000000000e+00
0.000000000000000e+00
0.000000000000000e+00
0.000000000000000e+00
0.000000000000000e+00
0.000000000000000e+00
0.000000000000000e+00
0.000000000000000e+00
0.000000000000000e+00
0.000000000000000e+00
0.000000000000000e+00
0.000000000000000e+00
0.000000000000000e+00
0.000000000000000e+00
0.000000000000000e+00
0.000000000000000e+00
0.000000000000000e+00
0.000000000000000e+00
0.000000000000000e+00
0.000000000000000e+00
0.000000000000000e+00
0.000000000000000e+00
0.000000000000000e+00
0.000000000000000e+00
0.000000000000000e+00
0.000000000000000e+00
0.000000000000000e+00
0.000000000000000e+00
0.000000000000000e+00
0.000000000000000e+00
0.000000000000000e+00
0.000000000000000e+00
0.000000000000000e+00
0.000000000000000e+00
0.000000000000000e+00
0.000000000000000e+00
0.000000000000000e+00
0.000000000000000e+00
0.000000000000000e+00
0.000000000000000e+00
0.000000000000000e+00
0.000000000000000e+00
0.000000000000000e+00
0.000000000000000e+00
0.000000000000000e+00
0.000000000000000e+00
0.000000000000000e+00
0.000000000000000e+00
0.000000000000000e+00
0.000000000000000e+00
0.000000000000000e+00
0.000000000000000e+00
0.000000000000000e+00
0.000000000000000e+00
0.000000000000000e+00
0.000000000000000e+00
0.000000000000000e+00
0.000000000000000e+00
0.000000000000000e+00
0.000000000000000e+00
0.000000000000000e+00
0.000000000000000e+00
0.000000000000000e+00
0.000000000000000e+00
0.000000000000000e+00
0.000000000000000e+00
0.000000000000000e+00
0.000000000000000e+00
0.000000000000000e+00
0.000000000000000e+00
0.000000000000000e+00
0.000000000000000e+00
0.000000000000000e+00
0.000000000000000e+00
0.000000000000000e+00
0.000000000000000e+00
0.000000000000000e+00
0.000000000000000e+00
0.000000000000000e+00
0.000000000000000e+00
0.000000000000000e+00
0.000000000000000e+00
0.000000000000000e+00
0.000000000000000e+00
0.000000000000000e+00
0.000000000000000e+00
0.000000000000000e+00
0.000000000000000e+00
0.000000000000000e+00
0.000000000000000e+00
0.000000000000000e+00
0.000000000000000e+00
0.000000000000000e+00
0.000000000000000e+00
0.000000000000000e+00
0.000000000000000e+00
0.000000000000000e+00
0.000000000000000e+00
0.000000000000000e+00
0.000000000000000e+00
0.000000000000000e+00
0.000000000000000e+00
0.000000000000000e+00
0.000000000000000e+00
0.000000000000000e+00
0.000000000000000e+00
0.000000000000000e+00
0.000000000000000e+00
0.000000000000000e+00
0.000000000000000e+00
0.000000000000000e+00
0.000000000000000e+00
0.000000000000000e+00
0.000000000000000e+00
0.000000000000000e+00
0.000000000000000e+00
0.000000000000000e+00
0.000000000000000e+00
0.000000000000000e+00
0.000000000000000e+00
0.000000000000000e+00
0.000000000000000e+00
0.000000000000000e+00
0.000000000000000e+00
0.000000000000000e+00
0.000000000000000e+00
0.000000000000000e+00
0.000000000000000e+00
0.000000000000000e+00
0.000000000000000e+00
0.000000000000000e+00
0.000000000000000e+00
0.000000000000000e+00
0.000000000000000e+00
0.000000000000000e+00
0.000000000000000e+00
0.000000000000000e+00
0.000000000000000e+00
0.000000000000000e+00
0.000000000000000e+00
0.000000000000000e+00
0.000000000000000e+00
0.000000000000000e+00
0.000000000000000e+00
0.000000000000000e+00
0.000000000000000e+00
1.650442824138659e-02
3.280776426255170e-02
3.290409758672531e-02
3.293841427830993e-02
0.000000000000000e+00
1.653294733396491e-02
3.283235376939341e-02
6.572133665998031e-02
0.000000000000000e+00
6.582945536512244e-02
6.589734769923664e-02
3.296402215292298e-02
3.298773265174199e-02
6.599764584417608e-02
6.591684973119319e-02
6.558685626251269e-02
0.000000000000000e+00
3.300685679609151e-02
3.307705998781062e-02
0.000000000000000e+00
6.567424093086899e-02
6.591713340730006e-02
6.566510543241962e-02
3.267495302133101e-02
1.651562907465692e-02
3.289561294858646e-02
3.298216795951145e-02
3.284741787578802e-02
0.000000000000000e+00
1.642620507572141e-02
0.000000000000000e+00
0.000000000000000e+00
0.000000000000000e+00
0.000000000000000e+00
0.000000000000000e+00
0.000000000000000e+00
0.000000000000000e+00
0.000000000000000e+00
0.000000000000000e+00
0.000000000000000e+00
0.000000000000000e+00
0.000000000000000e+00
0.000000000000000e+00
0.000000000000000e+00
0.000000000000000e+00
0.000000000000000e+00
0.000000000000000e+00
0.000000000000000e+00
0.000000000000000e+00
0.000000000000000e+00
0.000000000000000e+00
0.000000000000000e+00
0.000000000000000e+00
0.000000000000000e+00
0.000000000000000e+00
0.000000000000000e+00
0.000000000000000e+00
0.000000000000000e+00
0.000000000000000e+00
0.000000000000000e+00
0.000000000000000e+00
0.000000000000000e+00
0.000000000000000e+00
0.000000000000000e+00
0.000000000000000e+00
0.000000000000000e+00
0.000000000000000e+00
0.000000000000000e+00
0.000000000000000e+00
0.000000000000000e+00
0.000000000000000e+00
0.000000000000000e+00
0.000000000000000e+00
0.000000000000000e+00
0.000000000000000e+00
0.000000000000000e+00
0.000000000000000e+00
0.000000000000000e+00
0.000000000000000e+00
0.000000000000000e+00
0.000000000000000e+00
0.000000000000000e+00
0.000000000000000e+00
0.000000000000000e+00
0.000000000000000e+00
0.000000000000000e+00
0.000000000000000e+00
0.000000000000000e+00
0.000000000000000e+00
0.000000000000000e+00
0.000000000000000e+00
0.000000000000000e+00
0.000000000000000e+00
0.000000000000000e+00
0.000000000000000e+00
0.000000000000000e+00
0.000000000000000e+00
0.000000000000000e+00
0.000000000000000e+00
0.000000000000000e+00
0.000000000000000e+00
0.000000000000000e+00
0.000000000000000e+00
0.000000000000000e+00
0.000000000000000e+00
0.000000000000000e+00
0.000000000000000e+00
0.000000000000000e+00
0.000000000000000e+00
0.000000000000000e+00
0.000000000000000e+00
0.000000000000000e+00
0.000000000000000e+00
0.000000000000000e+00
0.000000000000000e+00
0.000000000000000e+00
0.000000000000000e+00
0.000000000000000e+00
0.000000000000000e+00
0.000000000000000e+00
0.000000000000000e+00
0.000000000000000e+00
0.000000000000000e+00
0.000000000000000e+00
0.000000000000000e+00
0.000000000000000e+00
0.000000000000000e+00
0.000000000000000e+00
0.000000000000000e+00
0.000000000000000e+00
0.000000000000000e+00
0.000000000000000e+00
0.000000000000000e+00
0.000000000000000e+00
0.000000000000000e+00
0.000000000000000e+00
0.000000000000000e+00
0.000000000000000e+00
0.000000000000000e+00
0.000000000000000e+00
0.000000000000000e+00
0.000000000000000e+00
0.000000000000000e+00
0.000000000000000e+00
0.000000000000000e+00
0.000000000000000e+00
0.000000000000000e+00
0.000000000000000e+00
0.000000000000000e+00
0.000000000000000e+00
0.000000000000000e+00
0.000000000000000e+00
0.000000000000000e+00
0.000000000000000e+00
0.000000000000000e+00
0.000000000000000e+00
0.000000000000000e+00
0.000000000000000e+00
0.000000000000000e+00
0.000000000000000e+00
0.000000000000000e+00
0.000000000000000e+00
0.000000000000000e+00
3.065823410087699e-07
0.000000000000000e+00
0.000000000000000e+00
0.000000000000000e+00
0.000000000000000e+00
0.000000000000000e+00
0.000000000000000e+00
0.000000000000000e+00
0.000000000000000e+00
0.000000000000000e+00
0.000000000000000e+00
0.000000000000000e+00
0.000000000000000e+00
0.000000000000000e+00
0.000000000000000e+00
0.000000000000000e+00
0.000000000000000e+00
0.000000000000000e+00
0.000000000000000e+00
0.000000000000000e+00
0.000000000000000e+00
0.000000000000000e+00
0.000000000000000e+00
0.000000000000000e+00
0.000000000000000e+00
0.000000000000000e+00
0.000000000000000e+00
0.000000000000000e+00
0.000000000000000e+00
0.000000000000000e+00
0.000000000000000e+00
0.000000000000000e+00
0.000000000000000e+00
0.000000000000000e+00
0.000000000000000e+00
0.000000000000000e+00
0.000000000000000e+00
0.000000000000000e+00
0.000000000000000e+00
0.000000000000000e+00
0.000000000000000e+00
1.096600215206586e-03
0.000000000000000e+00
0.000000000000000e+00
1.103354191252607e-03
0.000000000000000e+00
0.000000000000000e+00
0.000000000000000e+00
0.000000000000000e+00
0.000000000000000e+00
0.000000000000000e+00
0.000000000000000e+00
0.000000000000000e+00
0.000000000000000e+00
0.000000000000000e+00
0.000000000000000e+00
0.000000000000000e+00
0.000000000000000e+00
0.000000000000000e+00
0.000000000000000e+00
5.520000655746947e-07
4.302564596053319e-07
3.736532762041565e-07
4.630858358595482e-07
5.354598303573085e-07
3.906489589502711e-07
7.484718293822141e-04
7.730643297198142e-04
6.421190703277330e-04
7.134222895380541e-04
6.252034172759721e-04
7.552036353754419e-04
7.217291219648442e-04
9.249273417771307e-04
3.126640171549441e-03
3.053817702355206e-03
2.966625251903485e-03
2.990407519684708e-03
2.959799246756717e-03
3.074631114484982e-03
3.101263455541990e-03
3.248944897763408e-03
0.000000000000000e+00
0.000000000000000e+00
1.645682423628760e-09
0.000000000000000e+00
0.000000000000000e+00
0.000000000000000e+00
0.000000000000000e+00
0.000000000000000e+00
0.000000000000000e+00
0.000000000000000e+00
0.000000000000000e+00
0.000000000000000e+00
0.000000000000000e+00
0.000000000000000e+00
0.000000000000000e+00
0.000000000000000e+00
0.000000000000000e+00
0.000000000000000e+00
0.000000000000000e+00
0.000000000000000e+00
0.000000000000000e+00
3.806906665546184e-07
0.000000000000000e+00
0.000000000000000e+00
0.000000000000000e+00
0.000000000000000e+00
0.000000000000000e+00
0.000000000000000e+00
0.000000000000000e+00
0.000000000000000e+00
0.000000000000000e+00
0.000000000000000e+00
0.000000000000000e+00
0.000000000000000e+00
0.000000000000000e+00
0.000000000000000e+00
0.000000000000000e+00
0.000000000000000e+00
0.000000000000000e+00
0.000000000000000e+00
0.000000000000000e+00
0.000000000000000e+00
0.000000000000000e+00
0.000000000000000e+00
0.000000000000000e+00
0.000000000000000e+00
0.000000000000000e+00
0.000000000000000e+00
0.000000000000000e+00
3.741827781101697e-05
3.090765281173019e-04
8.158688169309697e-05
3.868324511000794e-04
1.870770689013906e-03
1.675579574130116e-03
1.845618163308933e-03
3.837972827529801e-04
8.235942517024595e-05
1.592345451240744e-03
3.772882439709503e-05
1.374126943766268e-04
3.731887993460208e-04
6.468529805107860e-04
1.833371574751662e-03
2.148356362862827e-03
1.848082370360064e-03
5.245364235709687e-04
3.685838038809044e-04
8.922190978191279e-05
4.529434014165010e-05
3.877629708825398e-04
3.382607968327201e-05
3.086939333849513e-05
1.830344173647574e-03
3.278872516141089e-05
4.417604480704474e-05
9.124397478458452e-05
3.629878696852368e-05
3.916492295946701e-04
5.582566843493781e-05
4.381624535634911e-05
4.454368692215884e-05
1.868079876132124e-03
1.141603023518946e-04
7.378104105301260e-05
1.117016327016872e-04
4.089603339444987e-04
1.883348167285737e-03
1.882184062171614e-03
4.411856645967347e-04
7.743595693787697e-05
1.593341884860536e-04
1.199920951405782e-04
1.857250909887724e-03
1.144364478229002e-04
1.117112382943550e-04
1.217251647993990e-04
1.584526347431483e-04
4.440583644962196e-04
1.883411390628144e-03
1.933322620573732e-03
5.815567900311664e-04
3.317611120435607e-04
3.045655766749131e-04
3.049917739684840e-04
3.064481070527525e-04
3.076578148553978e-04
3.305384097665292e-04
5.737372442512349e-04
1.960785643683039e-03
3.850506408679526e-04
2.305673106086585e-03
1.662248356149696e-03
3.812735887224286e-04
1.590091734387793e-03
1.603422542404069e-03
1.614030607647952e-03
1.579631569110700e-03
1.605598852358308e-03
1.586385026878983e-03
8.119481036534156e-05
1.673424515807970e-03
2.283035428224759e-03
1.830305000353369e-03
3.501759378257909e-05
1.816272258455893e-03
2.544241987429608e-05
7.734979464068361e-05
2.638985682910986e-05
3.412439810958077e-05
3.590177413560208e-05
3.425492940592412e-05
8.212564443873898e-05
7.747245055141568e-05
3.825173151659909e-04
1.848307700783246e-03
3.757704030655979e-04
1.839798960778513e-03
1.808050299861919e-03
3.832951671754761e-04
1.855856827107995e-03
7.533450831122323e-05
3.644305240920402e-04
1.847536456354551e-03
3.911729027673072e-04
8.625441457225725e-05
2.457860962073324e-05
3.295502779634125e-05
3.899250732799619e-04
7.573272010314747e-05
8.100503610426612e-05
3.783040383013621e-04
3.880895173180277e-05
8.272236043516610e-05
2.745439801904107e-05
3.729720588958061e-05
2.661838060044065e-05
2.621545818878670e-05
3.780379103218099e-05
2.654753901965324e-05
8.253638957978753e-05
3.719327124510558e-05
3.850291979771347e-04
8.163166930473032e-05
1.859933018458701e-03
3.928338705258806e-04
1.864845015229710e-03
1.829408577630008e-03
3.847260009056009e-04
8.368995075976681e-05
3.951642490910711e-05
2.834114827253583e-05
2.877572092325727e-05
3.959709092280284e-05
8.141956953121609e-05
3.906783957944393e-04
1.841218040765060e-03
1.840855791104052e-03
3.947670723299280e-04
3.751195273130205e-04
8.659964058440527e-05
4.324002941629286e-05
3.229408704125253e-05
3.119092244404014e-05
4.282594553416114e-05
8.597859612684020e-05
3.757635293439638e-04
1.872111163597625e-03
1.860981104267978e-03
3.898020195675654e-04
9.318255273804372e-05
4.768450481849115e-05
3.794882316815857e-05
3.837696882724372e-05
4.857068550981798e-05
9.322019676918004e-05
3.846318662737121e-04
1.883115071943304e-03
1.872150899003163e-03
4.032100519313569e-04
1.089388314770610e-04
6.907604240975168e-05
5.890116901722067e-05
5.849172119769780e-05
6.843463922381229e-05
1.101533746766604e-04
4.150100511398883e-04
1.866160076039477e-03
1.887215083164865e-03
4.483494563953872e-04
7.759284598586716e-05
1.731940805730045e-04
1.418239133837501e-04
1.325935546279455e-04
1.321509243001949e-04
1.395057839683625e-04
1.747381518681426e-04
4.508065165864477e-04
1.885068691008758e-03
2.033059452935392e-03
8.596457154037447e-04
6.552957353398058e-04
6.497091214271210e-04
6.294935031902813e-04
6.431734539428519e-04
6.530484040092130e-04
6.633028985048357e-04
8.575324154749895e-04
2.017399739447732e-03
2.356347965209398e-03
2.232445260054730e-03
2.175334377517497e-03
2.131061679153965e-03
2.136374761855025e-03
2.153372801438712e-03
2.139383595534362e-03
2.181973718238416e-03
2.243013229841574e-03
2.335581130348244e-03
1.979106590872439e-03
8.141978324624719e-04
3.522998920761308e-05
5.647077793061065e-04
5.129352801134193e-04
5.333417250670387e-04
5.145041795570671e-04
5.309489168969113e-04
5.653259784075792e-04
8.023302822213956e-04
1.942530396599717e-03
1.859095271794336e-03
3.907356440883246e-04
8.958283302450273e-05
4.502001665641577e-05
3.439121028892348e-05
3.425427053623025e-05
4.604807589326815e-05
8.785998528786226e-05
3.744583345503801e-04
1.848285161646973e-03
1.868007091475668e-03
3.894695446355150e-04
8.672150279246997e-05
4.271838770594412e-05
3.095423454548049e-05
3.143585708941551e-05
4.358553005539951e-05
8.507010295970550e-05
3.791621728775865e-04
1.860853372849961e-03
1.856247788403374e-03
3.926576310071667e-04
2.404749339704815e-05
8.564797777501254e-05
4.452848065210357e-05
3.282076769197814e-05
3.322048998478825e-05
4.368567416474735e-05
8.733971694797112e-05
3.846433396313491e-04
1.849305346612962e-03
1.842521068181895e-03
3.904805278522806e-04
9.062618800170922e-05
4.657459259001364e-05
3.740446429345374e-05
3.551862685331963e-05
4.858095843308295e-05
9.047730311956269e-05
3.923072840340812e-04
1.862224131425934e-03
1.857392417993328e-03
3.907781547008561e-04
9.837623898397175e-05
5.463604339261286e-05
4.478513609077645e-05
4.403597642405762e-05
5.443908526227705e-05
9.959670147496899e-05
3.882527098913820e-04
1.849055442880906e-03
1.873306817641390e-03
4.148943957054041e-04
1.126148311526691e-04
7.231515544552805e-05
6.224950214071657e-05
6.332544378684391e-05
7.482278813632291e-05
1.142995887968051e-04
4.142666925464886e-04
1.866964646711463e-03
1.875869787788208e-03
4.459189391246905e-04
1.582502916133769e-04
1.211460705047406e-04
1.127166191501021e-04
1.143605405746421e-04
1.182053307979752e-04
1.582143840524920e-04
4.471689632425608e-04
1.910842511218995e-03
1.945382481455000e-03
5.809646761654977e-04
3.330093175418256e-04
3.050519234040838e-04
3.084425096585666e-04
3.065052932978209e-04
3.064946587479392e-04
3.290750633069442e-04
5.877909454669504e-04
1.948590970093219e-03
2.302155968832320e-03
1.681397068182843e-03
1.588140282330794e-03
1.588062508961737e-03
1.583934896513052e-03
1.587257408971954e-03
1.600318067172687e-03
1.592347031889632e-03
1.663057326245901e-03
2.302549292178665e-03
1.824222760736681e-03
1.817443527981062e-03
3.886948028010535e-04
8.923908774388260e-05
4.288170481099338e-05
3.389951490526263e-05
3.346778276252184e-05
4.374552023876199e-05
8.976941208938193e-05
3.979605757404252e-04
1.829244397232211e-03
1.844837790066435e-03
3.933697917781356e-04
9.159259996438400e-05
4.953901413181566e-05
3.793868688481091e-05
3.728851563534213e-05
4.741302706586446e-05
9.432748315427149e-05
4.047808395301591e-04
1.845720397692185e-03
1.836046746802446e-03
3.971091366314044e-04
1.013373751785920e-04
5.754382170199108e-05
4.599433672589461e-05
4.432747896847182e-05
5.476081670825979e-05
9.875461245007633e-05
4.023101429453243e-04
1.861252198254132e-03
1.854139039180096e-03
1.842083636913198e-03
4.073676018293035e-04
1.125450200691357e-04
7.455967850704290e-05
6.462270692471226e-05
6.405905157878796e-05
7.228563819373094e-05
1.137128803117140e-04
4.108708990055203e-04
1.859540409572564e-03
1.851220934041667e-03
3.830409226218362e-04
4.529239191556160e-04
3.764596070633517e-04
1.211871085364474e-04
1.167011283580525e-04
1.135358288707271e-04
1.215799757240223e-04
1.576353287181069e-04
4.541300687094041e-04
7.668334434569551e-05
1.932141689032335e-03
8.165856428373248e-05
5.846611068609334e-04
3.364012915992979e-04
3.066100602172122e-04
3.068887895356430e-04
3.529929498920528e-05
3.126593209469202e-04
3.409909311134264e-04
5.775726717675919e-04
1.923517273043174e-03
2.299105652993178e-03
3.745580666414658e-05
2.397458470324483e-05
1.591974200507050e-03
1.607700288156044e-03
1.572036488626308e-03
1.578298800089470e-03
1.602470241154354e-03
2.408439230583416e-05
1.680218695839461e-03
2.290385486103922e-03
2.649779472277196e-05
2.632768036647647e-05
2.686849008075274e-05
3.856213905525522e-05
7.919505054000313e-05
3.832834273174692e-04
1.856467833886977e-03
2.628687434262684e-05
1.858542394352457e-03
3.807817577582446e-04
8.261898416866059e-05
3.731622322059237e-05
3.801057289226803e-05
7.597240351444576e-05
2.908818599916846e-05
2.453248846868188e-05
2.802754562000164e-05
8.146224845642475e-05
2.318215282759998e-05
3.844418623395023e-05
8.180425041608146e-05
2.414355936686939e-05
3.865938349211970e-04
3.770607842171333e-04
1.871964198883462e-03
1.830473558215839e-03
1.838247915287554e-03
3.862589303254899e-04
8.841752802296857e-05
1.819210050852625e-03
4.301283208310989e-05
3.099569830728636e-05
3.102244719074447e-05
3.781982686043418e-04
4.342833744085090e-05
8.568786511070876e-05
8.200884497261692e-05
3.943925742491294e-04
1.837683457077642e-03
3.836759128162543e-05
1.849870279448971e-03
3.897078284989630e-04
9.301157881907586e-05
4.976811291354864e-05
3.865372920555405e-05
3.920167182308167e-05
4.880855575029322e-05
9.175730830764388e-05
3.952054279164188e-04
1.846411127519977e-03
2.750158835185088e-05
1.867789113026162e-03
4.121902199278099e-04
1.105577890254149e-04
7.031127205057738e-05
5.989756981114094e-05
5.896805431730258e-05
6.828671555794324e-05
1.094684927832491e-04
4.021991097267897e-04
1.870063114124902e-03
2.683968582475495e-05
1.929313869228000e-03
4.543576965435221e-04
1.738398142863737e-04
1.421783885531447e-04
1.313074973805716e-04
1.348303711360842e-04
1.823469206793094e-03
1.742959852842699e-04
4.558694647344109e-04
1.886566773682431e-03
3.870100351384364e-05
2.036001618923131e-03
8.531306125051692e-04
6.717575151180946e-04
6.459047909411353e-04
6.524087757139621e-04
6.496058127902965e-04
2.867863611609387e-05
6.692936997742351e-04
8.507731528013726e-04
2.052333256014729e-03
8.548049076323111e-05
2.339221639432375e-03
2.206109374188205e-03
2.174901083249096e-03
2.153304139210541e-03
2.127495979948023e-03
2.123568246842331e-03
8.632070906803148e-05
2.168223557346145e-03
2.208106530642137e-03
2.343263119861823e-03
3.895769887123175e-04
1.961269099164020e-03
8.213915204723877e-04
5.643195401636151e-04
5.183090053593963e-04
5.110345464990649e-04
5.140386706668439e-04
1.858299524243133e-03
5.720136663306327e-04
8.140299362121732e-04
1.952486608157911e-03
1.846863766084692e-03
1.857794253760389e-03
3.920155540153371e-04
1.852309475552399e-03
3.435507248602100e-05
3.628605261238421e-05
3.465262954337889e-05
4.546281710214320e-05
8.914373117077061e-05
3.826046100031638e-04
1.854109991735879e-03
1.866203281070868e-03
1.850675236097745e-03
3.843633541926708e-04
8.698116315950010e-05
4.274708644672748e-05
8.889150831814680e-05
3.175364921815178e-05
4.242648782571390e-05
8.713669228086995e-05
3.954440809071911e-04
1.857937446395791e-03
4.324967314824451e-05
3.861341357298873e-04
8.497838634416683e-05
4.403976345490861e-05
3.285153416288953e-05
2.363208142602103e-05
3.200987174772739e-05
8.747698572118023e-05
3.897617132050548e-04
1.862977373330001e-03
8.479269795515364e-05
1.851591983774375e-03
3.870872371953790e-04
3.229456676701955e-05
4.761432642334616e-05
1.830113877025971e-03
3.632366230610778e-05
4.667963912806637e-05
8.942045082790069e-05
4.407863920350822e-05
1.856609684931552e-03
4.082664820641917e-05
1.873936815242964e-03
3.896274906705444e-04
9.787931612121475e-05
3.594578493787584e-05
8.836279636499517e-05
1.843193961794040e-03
5.540232561493499e-05
1.016982199284640e-04
3.995764897443284e-04
1.865185801489417e-03
2.848333560595843e-05
3.956514387888453e-04
4.024829255925656e-04
3.739170499250172e-04
7.309248742349317e-05
6.225670164275370e-05
6.267292007082977e-05
1.828407534421499e-03
1.844591384498655e-03
3.955424537074027e-04
9.568673883014551e-05
4.865922565845900e-05
3.817330580805712e-05
3.942884916643505e-05
4.989778428440592e-05
9.350423563933310e-05
3.821702843321195e-04
1.815795931751295e-03
1.834283903787003e-03
4.068832615673577e-04
1.103797804095225e-04
3.997002197064012e-05
6.823953831821422e-05
5.900018154897701e-05
5.763364713299050e-05
6.976949093822142e-05
1.121797175686312e-04
4.148164442660645e-04
1.840034360564548e-03
1.866077820257225e-03
4.513054989880733e-04
1.781156947878651e-04
1.426864592879901e-04
1.299811794600037e-04
1.296078338684579e-04
1.390502775377603e-04
1.742344712109523e-04
4.535928735886250e-04
1.853575686151161e-03
2.038619726647407e-03
8.520070947007084e-04
6.703431448787709e-04
3.927026678992203e-04
6.529623532712062e-04
6.313963151591219e-04
6.391625793849928e-04
6.492979921682943e-04
6.672904191323299e-04
8.766184884646022e-04
2.024613886711178e-03
2.335768527005593e-03
2.203231636820973e-03
2.153003195741831e-03
2.117693334729595e-03
2.120387503478142e-03
2.117133420797548e-03
2.111667506074405e-03
2.143362953702913e-03
2.218517945465553e-03
2.327385150291056e-03
1.923569274230947e-03
8.020233553547914e-04
5.433832657719893e-04
5.200444102533035e-04
5.057082915851847e-04
5.203146641733625e-04
5.175806772714442e-04
5.546077633176210e-04
8.028405370805140e-04
1.937904975639187e-03
1.842778536520575e-03
3.884927037363924e-04
8.912641400233274e-05
4.570650085792670e-05
3.532464722074609e-05
3.574949080485484e-05
4.562317988970331e-05
8.903870515854717e-05
3.932229893633688e-04
1.837415764398755e-03
1.822602276016644e-03
3.937284197165212e-04
9.000486177929169e-05
4.271354385356720e-05
3.285308339057639e-05
3.188596973084459e-05
4.285138247667415e-05
8.984196234406783e-05
3.906613634818951e-04
1.839416364730825e-03
1.843341779552286e-03
3.962666709598459e-04
8.902465497738294e-05
4.607296183685055e-05
3.484213832840278e-05
3.432730991202365e-05
4.461405633981723e-05
9.101659963980119e-05
3.903878249556274e-04
1.849570977922471e-03
1.844927173474149e-03
3.984453774926389e-04
9.301132469602427e-05
4.936462819435673e-05
3.828063395108240e-05
3.790864855799324e-05
4.764886700740598e-05
9.367023283280219e-05
3.914768342877820e-04
1.837409164004089e-03
1.855144260038287e-03
3.989283759708420e-04
9.927197736175935e-05
5.663262777592016e-05
4.568798772178109e-05
4.679240531147994e-05
5.695596970262794e-05
9.962321017904068e-05
4.005097284943694e-04
1.856305121356715e-03
1.859637290281123e-03
4.131384575850746e-04
1.127758491039619e-04
7.137078296655643e-05
6.481019565015062e-05
6.434599873512599e-05
7.180620476906020e-05
1.180236581319255e-04
4.121403120808664e-04
1.840878254218248e-03
1.888952316039739e-03
4.417536286700270e-04
1.598982097148049e-04
1.246980956971823e-04
1.165741523466742e-04
1.135313322431261e-04
1.213504295458544e-04
1.599159799487790e-04
4.434247690409999e-04
1.862907986471054e-03
1.921265468795020e-03
5.829920888120425e-04
3.325389182354839e-04
3.128072666523519e-04
3.063836446807071e-04
3.069421140573695e-04
3.096981892156759e-04
3.395712113909504e-04
5.922661874118556e-04
1.940072438954422e-03
2.293836225862779e-03
1.672943079844546e-03
1.593824816256567e-03
1.596458883868679e-03
1.581502392921705e-03
1.579110525728385e-03
1.595190585567499e-03
1.599132773843239e-03
1.682235144751191e-03
2.274437592419450e-03
3.827216861942065e-05
2.783391895638899e-05
2.729586749880079e-05
3.891617672721968e-05
8.143431601874909e-05
3.918262508004505e-04
1.848604870618083e-03
1.839252774726294e-03
3.983944524607449e-04
8.627906157944644e-05
3.987676652734347e-05
2.923867330395851e-05
3.029900014083414e-05
4.028759970606998e-05
8.605962193993073e-05
3.875269078072795e-04
1.854522337415900e-03
1.835614041854216e-03
3.942549344961634e-04
8.746205919035892e-05
4.413487987932539e-05
3.323582737856751e-05
3.173857795754437e-05
4.423551099428085e-05
8.398197334008554e-05
3.884717951265756e-04
1.828500901300122e-03
1.821469605415408e-03
3.853712297072456e-04
9.486581379646001e-05
4.970662361240554e-05
3.962215564366199e-05
3.896956059693830e-05
4.922610466665806e-05
9.404292640317388e-05
3.815954755272142e-04
1.828347373235558e-03
1.834997944595033e-03
4.053996426824761e-04
1.089719656768080e-04
6.991333037291076e-05
5.724210422641117e-05
5.855804472459729e-05
6.902673443581446e-05
1.129310142541274e-04
4.039106200085740e-04
1.844512761737767e-03
1.864593852755502e-03
4.570523443070074e-04
1.794665758201588e-04
1.396309081281535e-04
1.330643436411503e-04
1.343774825072283e-04
1.433415991078701e-04
1.805097949669281e-04
4.644609854591227e-04
1.887181329862438e-03
2.025547978088779e-03
8.653465672432369e-04
6.744769937772250e-04
6.406031232375934e-04
6.293748751233403e-04
6.396227031056087e-04
6.474643084149749e-04
6.698475394769886e-04
8.723753562014160e-04
2.021351095729925e-03
2.346287815229520e-03
2.211543433403027e-03
2.164556258083011e-03
2.135453100447386e-03
2.119707569105371e-03
2.120359786422468e-03
2.123168033516790e-03
2.184145942113427e-03
2.213031034741622e-03
2.349345528171540e-03
1.912825413204626e-03
8.024622608353300e-04
5.533948778017964e-04
5.111441546176894e-04
4.938497498352939e-04
5.057231013645277e-04
5.052467440739668e-04
5.474316398120572e-04
7.947205431073862e-04
1.916868995911520e-03
1.827411835618942e-03
3.900481573678675e-04
8.896992316814580e-05
4.523797923857745e-05
3.496651291945734e-05
3.472979647261059e-05
4.620549807462816e-05
9.047042610081803e-05
3.890240396459700e-04
1.823032414550045e-03
1.857525279597178e-03
3.807722243994843e-04
8.951453263148290e-05
4.344693950800732e-05
3.196658566528747e-05
3.300584371941116e-05
4.489555961567202e-05
9.005121326269390e-05
3.906580506573295e-04
1.846950850213693e-03
1.577118913109565e-04
3.830345529196900e-04
8.163916502059363e-05
3.781734373053268e-05
1.860539910667166e-03
2.592147812821845e-05
2.589256134461740e-05
0.000000000000000e+00
1.859837108657163e-04
2.758298785867628e-04
1.853628937224485e-04
4.602080272870011e-03
4.781319426658017e-03
4.695757241805152e-03
4.686554656273188e-03
4.610180346401946e-03
4.715475059132794e-03
4.700826186542467e-03
4.214305338465227e-03
6.723678776425267e-03
6.276048836475008e-03
6.751109202956784e-03
4.174850887479918e-03
8.264475886732283e-03
4.807286185735179e-03
8.289478220452411e-03
8.224541503336173e-03
4.739605732581659e-03
2.752429494276326e-04
4.717409048113247e-03
8.155850942234777e-03
8.313887750368922e-03
4.922666452026000e-03
4.485522039955801e-04
4.807826768111044e-03
8.263518801445128e-03
8.817665985900558e-03
6.919231319016159e-03
2.934783818877219e-03
6.916916250930765e-03
8.729014065619741e-03
6.435806073470091e-03
1.259853295266562e-02
1.267898675877627e-02
1.272000475513401e-02
6.442802411002269e-03
2.681659650242920e-04
4.761685920343769e-03
4.053576553810376e-03
4.190695121618203e-03
3.965467904208119e-03
4.148562385329198e-03
3.988963630079477e-03
4.136547408725851e-03
4.047050184048872e-03
6.507216967173514e-03
6.765155412417993e-03
6.518351009873226e-03
6.662336177696284e-03
6.481335933728066e-03
6.622314293753108e-03
6.519600352646681e-03
6.179179638988780e-03
6.286636630670311e-03
6.078428950701834e-03
6.279509017352446e-03
6.060238763600637e-03
6.264734980372755e-03
6.101442701856623e-03
6.611147591663892e-03
6.809274598997541e-03
6.440261847765310e-03
6.662172097755133e-03
6.469811349443765e-03
6.719219365539738e-03
6.557844457382445e-03
4.019668532499869e-03
4.123742790601050e-03
3.994748918376023e-03
4.134364697887217e-03
3.970563310117622e-03
4.144779861391745e-03
4.029791922825073e-03
8.186078710509213e-03
8.325362777957337e-03
8.151929561533456e-03
8.128921796818005e-03
8.083803907592694e-03
8.131950361618012e-03
8.172644981429387e-03
4.752616776316916e-03
4.736781488467546e-03
4.722248908197738e-03
4.725459282695573e-03
4.609991505861130e-03
4.787905919127478e-03
4.649431749105475e-03
8.186425392857775e-03
8.228918072614787e-03
8.199851962437145e-03
8.127331564701905e-03
8.198662120217382e-03
8.158210955270187e-03
8.172398789963347e-03
8.166730598762929e-03
8.159939222538236e-03
8.131180313702890e-03
8.222725023204850e-03
8.139427537424615e-03
8.234393829564058e-03
8.235629938524461e-03
4.663595618960138e-03
4.762996108506246e-03
4.679200922045470e-03
4.764841189318905e-03
4.663593878331230e-03
4.695706528595082e-03
4.681620776587388e-03
2.031327077007072e-04
2.738859009042891e-04
2.035699511919355e-04
2.803909328528395e-04
2.054392336387743e-04
2.837175452337917e-04
2.014271637686837e-04
4.632921877883505e-03
4.753187347282334e-03
4.691146611621734e-03
4.742174038865347e-03
4.643696922666922e-03
4.766418302582379e-03
4.620909270569859e-03
8.172948397408024e-03
8.252879516912519e-03
8.249220817860605e-03
8.148673881648269e-03
8.110968920871223e-03
8.150902474798468e-03
8.164885744679244e-03
8.217608712070329e-03
8.346700964535990e-03
8.169243928286609e-03
8.275046572281673e-03
8.223896965059993e-03
8.258545421742062e-03
8.216141698592312e-03
4.828459285140448e-03
5.014824259608999e-03
4.666102834202523e-03
4.899989523604899e-03
4.708547712308645e-03
4.824768552588850e-03
4.700487592181769e-03
2.612962051318482e-04
4.517527088030608e-04
2.688673587471284e-04
4.512146228310375e-04
2.620394017108414e-04
4.589463703769011e-04
2.624578389738303e-04
4.752161896405302e-03
5.011018522889965e-03
4.660791247829870e-03
4.921832336901053e-03
4.709911047089174e-03
4.771615806119575e-03
4.763913809771296e-03
8.164434385520621e-03
8.341659431450705e-03
8.135513961896233e-03
8.245301158812269e-03
8.247049337963054e-03
8.173091577315352e-03
8.259048375210971e-03
8.421837835658957e-03
8.755544720416224e-03
8.350873580861777e-03
8.717359724176130e-03
8.295260847489582e-03
8.756236608849586e-03
8.448836799007781e-03
5.959120996512348e-03
6.967063626300460e-03
5.991129177754264e-03
6.942878102223610e-03
5.971044492745591e-03
6.885024768045036e-03
5.867345752961739e-03
1.872509487441987e-03
2.859948733557189e-03
1.900458292273198e-03
2.913667761731495e-03
1.887385109822182e-03
2.918217954052280e-03
1.914220599740383e-03
5.970657158530636e-03
7.011456907688477e-03
5.919878846132739e-03
6.957980786216162e-03
5.904802803916872e-03
6.932118743935294e-03
5.932488021813804e-03
8.452845686710087e-03
8.859508317170865e-03
8.299544202258181e-03
8.725879045113235e-03
8.318763846646789e-03
8.777632968105685e-03
8.385781103595717e-03
4.673744463084991e-03
6.471500064993048e-03
4.653940156020236e-03
6.422876894221952e-03
4.617996196927549e-03
6.404988889699393e-03
4.658491335089080e-03
8.896923410428404e-03
1.274465190501092e-02
8.877275556526593e-03
1.259755063704575e-02
8.911436258578159e-03
1.262963710572538e-02
8.912994432746849e-03
8.874541078749784e-03
1.259445875425170e-02
8.709538203181372e-03
1.260523441457763e-02
8.785833171381300e-03
1.258903203894754e-02
8.839849590915064e-03
8.908227392490919e-03
1.264535045165509e-02
8.866204394269777e-03
1.256467574418002e-02
8.878296496886066e-03
1.257857830682444e-02
8.898489734247948e-03
4.692621349809160e-03
6.466295579999372e-03
4.672066823091681e-03
6.403007664592683e-03
4.693397150340599e-03
6.394525194970548e-03
4.700154273724290e-03
1.829571388183547e-04
2.653696777078899e-04
1.829211201641315e-04
2.779544216585403e-04
6.707878880783476e-03
1.341697695589799e-02
6.798684165354431e-03
1.339735864432925e-02
2.647168907032237e-02
1.343818034054398e-02
1.342174478981384e-02
6.886172567158007e-03
1.355902124008757e-02
6.938315117249317e-03
2.640632536684590e-02
1.342537199358924e-02
6.583264286917699e-03
6.650446734863922e-03
6.647084263387859e-03
6.727847574749506e-03
6.788516018330198e-03
6.764106524974567e-03
6.743243496033632e-03
1.319096044792021e-02
1.313535748858708e-02
1.324472693849376e-02
1.314270606641431e-02
1.327425808118805e-02
1.333840853455832e-02
1.338273174730795e-02
6.657580660964932e-03
6.662472596702791e-03
6.663413090929022e-03
6.697468981339749e-03
6.717823412217489e-03
6.719261998332253e-03
6.768334474163387e-03
1.332649846196465e-02
1.324404899641765e-02
1.339162003334474e-02
1.336287149104627e-02
1.336672345698761e-02
1.356386829670417e-02
1.338684898231699e-02
2.633427473163948e-02
2.630346013617082e-02
2.624440552679569e-02
2.624772640136225e-02
2.648210003921540e-02
2.654558108115412e-02
2.649559542668071e-02
1.333992748880343e-02
1.340712617593171e-02
1.324632534632192e-02
1.335153553628770e-02
1.346404146753465e-02
1.345533526604215e-02
1.344327385758997e-02
1.330240203900671e-02
1.325740357533918e-02
1.335476348340332e-02
1.348572329624193e-02
1.336954907506683e-02
1.348286423956720e-02
1.342244005119800e-02
6.749511200322484e-03
6.891898472141204e-03
6.882790522384412e-03
6.844803048328301e-03
6.830008599721231e-03
6.901024582563363e-03
6.857251728650116e-03
1.349952249741300e-02
1.360492327440615e-02
1.355314789522044e-02
1.359513804704627e-02
1.359024220179012e-02
1.371731413739917e-02
1.361857512504849e-02
6.816487693057733e-03
6.810691090760976e-03
6.826320030657368e-03
6.840534338904422e-03
6.893007097245303e-03
6.967074149493939e-03
6.899010081988648e-03
2.622989690189395e-02
2.618992500607710e-02
2.620153679795668e-02
2.669642145751832e-02
2.651717653142232e-02
2.640527321985453e-02
2.663476937343719e-02
1.331370062164713e-02
1.327979066837007e-02
1.339137425015921e-02
1.334606762365579e-02
1.326530962499719e-02
1.345588368122179e-02
1.349404585982334e-02
