0.000000000000000e+00
0.000000000000000e+00
0.000000000000000e+00
0.000000000000000e+00
0.000000000000000e+00
0.000000000000000e+00
0.000000000000000e+00
0.000000000000000e+00
0.000000000000000e+00
0.000000000000000e+00
0.000000000000000e+00
0.000000000000000e+00
0.000000000000000e+00
0.000000000000000e+00
0.000000000000000e+00
0.000000000000000e+00
0.000000000000000e+00
0.000000000000000e+00
0.000000000000000e+00
0.000000000000000e+00
0.000000000000000e+00
0.000000000000000e+00
0.000000000000000e+00
0.000000000000000e+00
0.000000000000000e+00
0.000000000000000e+00
0.000000000000000e+00
0.000000000000000e+00
0.000000000000000e+00
0.000000000000000e+00
0.000000000000000e+00
0.000000000000000e+00
0.000000000000000e+00
0.000000000000000e+00
0.000000000000000e+00
0.000000000000000e+00
0.000000000000000e+00
0.000000000000000e+00
0.000000000000000e+00
0.000000000000000e+00
0.000000000000000e+00
0.000000000000000e+00
0.000000000000000e+00
0.000000000000000e+00
0.000000000000000e+00
0.000000000000000e+00
0.000000000000000e+00
0.000000000000000e+00
0.000000000000000e+00
0.000000000000000e+00
0.000000000000000e+00
0.000000000000000e+00
0.000000000000000e+00
0.000000000000000e+00
0.000000000000000e+00
0.000000000000000e+00
0.000000000000000e+00
0.000000000000000e+00
0.000000000000000e+00
0.000000000000000e+00
0.000000000000000e+00
0.000000000000000e+00
0.000000000000000e+00
0.000000000000000e+00
0.000000000000000e+00
0.000000000000000e+00
0.000000000000000e+00
0.000000000000000e+00
0.000000000000000e+00
0.000000000000000e+00
0.000000000000000e+00
0.000000000000000e+00
0.000000000000000e+00
0.000000000000000e+00
0.000000000000000e+00
0.000000000000000e+00
0.000000000000000e+00
0.000000000000000e+00
0.000000000000000e+00
0.000000000000000e+00
0.000000000000000e+00
0.000000000000000e+00
0.000000000000000e+00
0.000000000000000e+00
0.000000000000000e+00
0.000000000000000e+00
0.000000000000000e+00
0.000000000000000e+00
0.000000000000000e+00
0.000000000000000e+00
0.000000000000000e+00
0.000000000000000e+00
0.000000000000000e+00
0.000000000000000e+00
0.000000000000000e+00
0.000000000000000e+00
0.000000000000000e+00
0.000000000000000e+00
0.000000000000000e+00
0.000000000000000e+00
0.000000000000000e+00
0.000000000000000e+00
0.000000000000000e+00
0.000000000000000e+00
0.000000000000000e+00
0.000000000000000e+00
0.000000000000000e+00
0.000000000000000e+00
0.000000000000000e+00
0.000000000000000e+00
0.000000000000000e+00
0.000000000000000e+00
0.000000000000000e+00
0.000000000000000e+00
0.000000000000000e+00
0.000000000000000e+00
0.000000000000000e+00
0.000000000000000e+00
0.000000000000000e+00
0.000000000000000e+00
0.000000000000000e+00
0.000000000000000e+00
0.000000000000000e+00
0.000000000000000e+00
0.000000000000000e+00
0.000000000000000e+00
0.000000000000000e+00
0.000000000000000e+00
0.000000000000000e+00
0.000000000000000e+00
0.000000000000000e+00
0.000000000000000e+00
0.000000000000000e+00
0.000000000000000e+00
0.000000000000000e+00
0.000000000000000e+00
0.000000000000000e+00
0.000000000000000e+00
0.000000000000000e+00
0.000000000000000e+00
0.000000000000000e+00
0.000000000000000e+00
0.000000000000000e+00
0.000000000000000e+00
0.000000000000000e+00
0.000000000000000e+00
0.000000000000000e+00
0.000000000000000e+00
0.000000000000000e+00
0.000000000000000e+00
0.000000000000000e+00
0.000000000000000e+00
0.000000000000000e+00
0.000000000000000e+00
0.000000000000000e+00
0.000000000000000e+00
0.000000000000000e+00
0.000000000000000e+00
0.000000000000000e+00
0.000000000000000e+00
0.000000000000000e+00
0.000000000000000e+00
0.000000000000000e+00
0.000000000000000e+00
0.000000000000000e+00
0.000000000000000e+00
0.000000000000000e+00
0.000000000000000e+00
0.000000000000000e+00
0.000000000000000e+00
0.000000000000000e+00
0.000000000000000e+00
0.000000000000000e+00
0.000000000000000e+00
0.000000000000000e+00
0.000000000000000e+00
0.000000000000000e+00
0.000000000000000e+00
0.000000000000000e+00
0.000000000000000e+00
0.000000000000000e+00
0.000000000000000e+00
0.000000000000000e+00
0.000000000000000e+00
0.000000000000000e+00
0.000000000000000e+00
0.000000000000000e+00
0.000000000000000e+00
0.000000000000000e+00
0.000000000000000e+00
0.000000000000000e+00
0.000000000000000e+00
0.000000000000000e+00
0.000000000000000e+00
0.000000000000000e+00
0.000000000000000e+00
0.000000000000000e+00
0.000000000000000e+00
0.000000000000000e+00
0.000000000000000e+00
0.000000000000000e+00
0.000000000000000e+00
0.000000000000000e+00
0.000000000000000e+00
0.000000000000000e+00
0.000000000000000e+00
0.000000000000000e+00
0.000000000000000e+00
0.000000000000000e+00
0.000000000000000e+00
0.000000000000000e+00
0.000000000000000e+00
0.000000000000000e+00
0.000000000000000e+00
0.000000000000000e+00
0.000000000000000e+00
0.000000000000000e+00
0.000000000000000e+00
0.000000000000000e+00
0.000000000000000e+00
0.000000000000000e+00
0.000000000000000e+00
0.000000000000000e+00
0.000000000000000e+00
0.000000000000000e+00
0.000000000000000e+00
0.000000000000000e+00
0.000000000000000e+00
0.000000000000000e+00
0.000000000000000e+00
0.000000000000000e+00
0.000000000000000e+00
0.000000000000000e+00
0.000000000000000e+00
0.000000000000000e+00
0.000000000000000e+00
0.000000000000000e+00
0.000000000000000e+00
0.000000000000000e+00
0.000000000000000e+00
0.000000000000000e+00
0.000000000000000e+00
0.000000000000000e+00
0.000000000000000e+00
0.000000000000000e+00
0.000000000000000e+00
0.000000000000000e+00
0.000000000000000e+00
0.000000000000000e+00
0.000000000000000e+00
0.000000000000000e+00
0.000000000000000e+00
0.000000000000000e+00
0.000000000000000e+00
0.000000000000000e+00
0.000000000000000e+00
0.000000000000000e+00
0.000000000000000e+00
0.000000000000000e+00
0.000000000000000e+00
2.454101875691047e-02
4.912426852539954e-02
4.890639621608465e-02
4.878787411817926e-02
0.000000000000000e+00
2.451487337067786e-02
4.937631694643536e-02
9.748117165707758e-02
0.000000000000000e+00
9.827897097014920e-02
9.797331024445861e-02
4.905085580064651e-02
4.858643715675321e-02
9.824047892769218e-02
9.697479275454206e-02
9.695401568992325e-02
0.000000000000000e+00
4.922009250213745e-02
4.880047702271845e-02
0.000000000000000e+00
9.836157640174255e-02
9.786696880544156e-02
9.756440239902404e-02
4.882181493270550e-02
2.466195829174794e-02
4.912400099571239e-02
4.882893186703350e-02
4.901194151253872e-02
0.000000000000000e+00
2.436980620363374e-02
0.000000000000000e+00
0.000000000000000e+00
0.000000000000000e+00
0.000000000000000e+00
0.000000000000000e+00
0.000000000000000e+00
0.000000000000000e+00
0.000000000000000e+00
0.000000000000000e+00
0.000000000000000e+00
0.000000000000000e+00
0.000000000000000e+00
0.000000000000000e+00
0.000000000000000e+00
0.000000000000000e+00
0.000000000000000e+00
0.000000000000000e+00
0.000000000000000e+00
0.000000000000000e+00
0.000000000000000e+00
0.000000000000000e+00
0.000000000000000e+00
0.000000000000000e+00
0.000000000000000e+00
0.000000000000000e+00
0.000000000000000e+00
0.000000000000000e+00
0.000000000000000e+00
0.000000000000000e+00
0.000000000000000e+00
0.000000000000000e+00
0.000000000000000e+00
0.000000000000000e+00
0.000000000000000e+00
0.000000000000000e+00
0.000000000000000e+00
0.000000000000000e+00
0.000000000000000e+00
0.000000000000000e+00
0.000000000000000e+00
0.000000000000000e+00
0.000000000000000e+00
0.000000000000000e+00
0.000000000000000e+00
0.000000000000000e+00
0.000000000000000e+00
0.000000000000000e+00
0.000000000000000e+00
0.000000000000000e+00
0.000000000000000e+00
0.000000000000000e+00
0.000000000000000e+00
0.000000000000000e+00
0.000000000000000e+00
0.000000000000000e+00
0.000000000000000e+00
0.000000000000000e+00
0.000000000000000e+00
0.000000000000000e+00
0.000000000000000e+00
0.000000000000000e+00
0.000000000000000e+00
0.000000000000000e+00
0.000000000000000e+00
0.000000000000000e+00
0.000000000000000e+00
0.000000000000000e+00
0.000000000000000e+00
0.000000000000000e+00
0.000000000000000e+00
0.000000000000000e+00
0.000000000000000e+00
0.000000000000000e+00
0.000000000000000e+00
0.000000000000000e+00
0.000000000000000e+00
0.000000000000000e+00
0.000000000000000e+00
0.000000000000000e+00
0.000000000000000e+00
0.000000000000000e+00
0.000000000000000e+00
0.000000000000000e+00
0.000000000000000e+00
0.000000000000000e+00
0.000000000000000e+00
0.000000000000000e+00
0.000000000000000e+00
0.000000000000000e+00
0.000000000000000e+00
0.000000000000000e+00
0.000000000000000e+00
0.000000000000000e+00
0.000000000000000e+00
0.000000000000000e+00
0.000000000000000e+00
0.000000000000000e+00
0.000000000000000e+00
0.000000000000000e+00
0.000000000000000e+00
0.000000000000000e+00
0.000000000000000e+00
0.000000000000000e+00
0.000000000000000e+00
0.000000000000000e+00
0.000000000000000e+00
0.000000000000000e+00
0.000000000000000e+00
0.000000000000000e+00
0.000000000000000e+00
0.000000000000000e+00
0.000000000000000e+00
0.000000000000000e+00
0.000000000000000e+00
0.000000000000000e+00
0.000000000000000e+00
0.000000000000000e+00
0.000000000000000e+00
0.000000000000000e+00
0.000000000000000e+00
0.000000000000000e+00
0.000000000000000e+00
0.000000000000000e+00
0.000000000000000e+00
0.000000000000000e+00
0.000000000000000e+00
0.000000000000000e+00
0.000000000000000e+00
0.000000000000000e+00
0.000000000000000e+00
0.000000000000000e+00
0.000000000000000e+00
0.000000000000000e+00
2.849852323757705e-07
0.000000000000000e+00
0.000000000000000e+00
0.000000000000000e+00
0.000000000000000e+00
0.000000000000000e+00
0.000000000000000e+00
0.000000000000000e+00
0.000000000000000e+00
0.000000000000000e+00
0.000000000000000e+00
0.000000000000000e+00
0.000000000000000e+00
0.000000000000000e+00
0.000000000000000e+00
0.000000000000000e+00
0.000000000000000e+00
0.000000000000000e+00
0.000000000000000e+00
0.000000000000000e+00
0.000000000000000e+00
0.000000000000000e+00
0.000000000000000e+00
0.000000000000000e+00
0.000000000000000e+00
0.000000000000000e+00
0.000000000000000e+00
0.000000000000000e+00
0.000000000000000e+00
0.000000000000000e+00
0.000000000000000e+00
0.000000000000000e+00
0.000000000000000e+00
0.000000000000000e+00
0.000000000000000e+00
0.000000000000000e+00
0.000000000000000e+00
0.000000000000000e+00
0.000000000000000e+00
0.000000000000000e+00
0.000000000000000e+00
1.681200772993495e-03
0.000000000000000e+00
0.000000000000000e+00
1.554291075472675e-03
0.000000000000000e+00
0.000000000000000e+00
0.000000000000000e+00
0.000000000000000e+00
0.000000000000000e+00
0.000000000000000e+00
0.000000000000000e+00
0.000000000000000e+00
0.000000000000000e+00
0.000000000000000e+00
0.000000000000000e+00
0.000000000000000e+00
0.000000000000000e+00
0.000000000000000e+00
0.000000000000000e+00
5.475857128960195e-07
4.482165231901550e-07
5.603477358568299e-07
6.452033526860776e-07
4.675978240949408e-07
5.935653613766245e-07
1.061603528454998e-03
1.250191409680967e-03
9.584646897402739e-04
1.048947238850238e-03
9.408005788041972e-04
1.167903770317634e-03
1.098719646391494e-03
1.354818684460073e-03
4.637716168984466e-03
4.572741910748982e-03
4.369763833278728e-03
4.330353567693701e-03
4.225580642339437e-03
4.607036476879600e-03
4.647145381737995e-03
4.805387177155723e-03
0.000000000000000e+00
0.000000000000000e+00
0.000000000000000e+00
0.000000000000000e+00
0.000000000000000e+00
0.000000000000000e+00
0.000000000000000e+00
0.000000000000000e+00
0.000000000000000e+00
0.000000000000000e+00
0.000000000000000e+00
0.000000000000000e+00
0.000000000000000e+00
0.000000000000000e+00
0.000000000000000e+00
0.000000000000000e+00
0.000000000000000e+00
0.000000000000000e+00
0.000000000000000e+00
0.000000000000000e+00
0.000000000000000e+00
3.744504408859794e-07
0.000000000000000e+00
0.000000000000000e+00
0.000000000000000e+00
0.000000000000000e+00
0.000000000000000e+00
0.000000000000000e+00
0.000000000000000e+00
0.000000000000000e+00
0.000000000000000e+00
0.000000000000000e+00
0.000000000000000e+00
0.000000000000000e+00
0.000000000000000e+00
0.000000000000000e+00
0.000000000000000e+00
0.000000000000000e+00
0.000000000000000e+00
0.000000000000000e+00
0.000000000000000e+00
0.000000000000000e+00
0.000000000000000e+00
0.000000000000000e+00
0.000000000000000e+00
0.000000000000000e+00
0.000000000000000e+00
0.000000000000000e+00
0.000000000000000e+00
7.268901086689101e-05
5.792326453612661e-04
1.589144094716234e-04
7.461768108282809e-04
3.850367838676339e-03
3.427279308198268e-03
3.789643837473584e-03
7.585645131172351e-04
1.545801716871391e-04
3.156414766801700e-03
7.144607685469644e-05
2.615460271092212e-04
7.135222238397240e-04
1.249870797107852e-03
3.833053752462717e-03
4.347390051566289e-03
3.775071124740927e-03
1.049318416145849e-03
7.432844482656014e-04
1.670320871446013e-04
8.041819887039525e-05
7.551446456706704e-04
7.109889136155431e-05
6.208390390817203e-05
3.813683636138372e-03
6.170276727603344e-05
8.516257623479426e-05
1.738202752314811e-04
6.902775227000565e-05
7.618388307151814e-04
1.101593022001603e-04
8.592077007424859e-05
8.946004253719470e-05
3.837789108506481e-03
2.147302960256916e-04
1.418774723296097e-04
2.126200246738051e-04
8.078374681156721e-04
3.837965581402522e-03
3.757409330515244e-03
8.766148079147225e-04
1.538752999591813e-04
3.046790448430932e-04
2.350392592368932e-04
3.848046696315399e-03
2.153685749206615e-04
2.161260888559787e-04
2.341985955437668e-04
3.139133013807045e-04
8.556513991990678e-04
3.859764818937440e-03
4.051146451444568e-03
1.157931037160546e-03
6.325070628415077e-04
5.749041741711302e-04
5.777931120314895e-04
5.943134227558127e-04
6.070006857712656e-04
6.331859597132633e-04
1.133311557264756e-03
3.955448181427129e-03
7.801648661012200e-04
4.678154651077932e-03
3.366465056016718e-03
7.339604947451566e-04
3.169365580806017e-03
3.158146256004292e-03
3.171982254831902e-03
3.201567049459619e-03
3.125876897663514e-03
3.241076027052706e-03
1.559041339044187e-04
3.438795977742637e-03
4.611044587312967e-03
3.847688109837143e-03
7.339253537739200e-05
3.716136429774058e-03
4.673735009779333e-05
1.559036554533592e-04
5.097716619523177e-05
6.955692543718997e-05
7.324147704618119e-05
6.356180775383659e-05
1.520286047777942e-04
1.521058494422641e-04
7.530001776588492e-04
3.789116836222394e-03
7.337080740388330e-04
3.789057609017559e-03
3.740938929790914e-03
7.526632473864423e-04
3.855152752177210e-03
1.493016603735181e-04
7.132238214684221e-04
3.711869250682804e-03
7.800045598146623e-04
1.508232228783595e-04
4.694406928482413e-05
6.677040128519233e-05
7.706332648209645e-04
1.430311815146215e-04
1.589402332380175e-04
7.680156842562299e-04
7.075668553667589e-05
1.475065749524672e-04
5.227048551077476e-05
7.118054910750703e-05
5.381378920948301e-05
4.563694728575625e-05
6.939714166955247e-05
4.661639955858150e-05
1.531698616444424e-04
7.628854298169583e-05
7.479469286585179e-04
1.494312702473655e-04
3.845940302935257e-03
7.275234645542943e-04
3.827222491676416e-03
3.748831055561803e-03
7.429868013433404e-04
1.488604403609638e-04
7.275817222661936e-05
5.606051354444909e-05
5.297162091368274e-05
7.261637444157278e-05
1.592663479983169e-04
7.234530547566566e-04
3.758759469041804e-03
3.784188488130219e-03
7.677803870615086e-04
7.060843243957165e-04
1.710791409760464e-04
8.475402309786621e-05
6.036215999821123e-05
6.213035772880153e-05
8.479087012485420e-05
1.666490367082249e-04
7.351856316370204e-04
3.820536666934628e-03
3.768880068757903e-03
7.419645277006926e-04
1.738940826028132e-04
9.533790193852548e-05
7.407512135863244e-05
7.438526466711760e-05
9.723220929573861e-05
1.660116769429218e-04
7.629253678896068e-04
3.864713715243537e-03
3.836090456155549e-03
7.886503719123929e-04
2.050950093645217e-04
1.341550330042075e-04
1.079646094179117e-04
1.203382729455156e-04
1.357144812784685e-04
2.149980271659181e-04
8.087345386705468e-04
3.835870066488576e-03
3.854209145961394e-03
8.993220951972471e-04
1.474627337264388e-04
3.383848895358483e-04
2.783793959162471e-04
2.587723455909252e-04
2.422364222530824e-04
2.639717739807424e-04
3.332338350663070e-04
8.593997358887771e-04
3.813929408893133e-03
4.186793672576727e-03
1.735623221200121e-03
1.292581065558228e-03
1.292675647778196e-03
1.274688305378994e-03
1.241357692225038e-03
1.240374097573303e-03
1.283193150685623e-03
1.715246645299726e-03
4.165429976595738e-03
4.791559437904299e-03
4.566268014644907e-03
4.327370853425685e-03
4.401989073395496e-03
4.371756204216906e-03
4.410393292889827e-03
4.431721936035302e-03
4.430880265076788e-03
4.519619539979114e-03
4.966157611604393e-03
4.001336775083942e-03
1.644823987852057e-03
6.776281580448406e-05
1.158635518573165e-03
1.069095971319786e-03
1.019970026704780e-03
1.098535518278501e-03
1.069367630795027e-03
1.125840468426201e-03
1.661070070574398e-03
3.863745128846088e-03
3.831544466004796e-03
7.957304403271849e-04
1.639574850915324e-04
8.499076823658322e-05
6.088658642725289e-05
6.308253199582823e-05
8.330973673453821e-05
1.584251051275922e-04
7.253135242922294e-04
3.775183938464423e-03
3.747014351707354e-03
7.756062851331128e-04
1.648423803260252e-04
7.900621424899028e-05
6.044636738467824e-05
5.625575934916560e-05
7.814883624582574e-05
1.581075898955460e-04
7.572340162657486e-04
3.776882993721512e-03
3.822210339103929e-03
7.930673817301657e-04
4.529023394826491e-05
1.706107625704584e-04
7.992756619513309e-05
6.227127415663327e-05
6.162548483911142e-05
8.994431684969282e-05
1.735309886119437e-04
7.831220965549103e-04
3.832059782977482e-03
3.758286457215429e-03
7.780409463033211e-04
1.749027707535356e-04
8.933973727737230e-05
7.157488721164184e-05
6.799278708346433e-05
9.166737650006717e-05
1.771451575519232e-04
8.038636047055089e-04
3.785191321550872e-03
3.863821278109449e-03
8.047769929596749e-04
1.931594307359509e-04
1.092626093698063e-04
8.619059129015590e-05
8.273680418163826e-05
1.049258408310337e-04
1.978776254956612e-04
7.727141743867805e-04
3.863558986202319e-03
3.661019673535235e-03
8.005796677231037e-04
2.174633595672020e-04
1.437676813757739e-04
1.207542609600915e-04
1.236483988280182e-04
1.346391877039407e-04
2.049292134815974e-04
8.165092172971531e-04
3.807112639650858e-03
3.807405149519638e-03
8.680195101762184e-04
3.020420240563632e-04
2.308594855997141e-04
2.018634501823114e-04
2.296604368814088e-04
2.277449706556313e-04
3.051268750347587e-04
8.860991180849945e-04
3.963798814402801e-03
4.028680001316400e-03
1.157191100006255e-03
6.692544209193239e-04
5.979317214838844e-04
6.228226594018378e-04
6.155516134694124e-04
5.869335921614443e-04
6.654833200318379e-04
1.173126944988982e-03
4.026227511548817e-03
4.724488858942556e-03
3.390551591795524e-03
3.129452286886042e-03
3.222799599487044e-03
3.239232731392005e-03
3.182384284497511e-03
3.175740160542800e-03
3.234542500837639e-03
3.360177906915643e-03
4.744624094055900e-03
3.912640611140237e-03
3.759366245711752e-03
7.861747150408782e-04
1.647886930808255e-04
8.424643688703621e-05
6.493398021076660e-05
6.261080443282386e-05
8.439485744201126e-05
1.681359366928892e-04
8.018027900841909e-04
3.752433439496738e-03
3.779750476829099e-03
7.989066502763049e-04
1.692300409485447e-04
9.044883719649701e-05
7.109146277931514e-05
7.126529789912026e-05
9.050769297222068e-05
1.715391842605458e-04
7.829939220342412e-04
3.839797998597029e-03
3.933243620299936e-03
7.760129685336639e-04
1.899016700628258e-04
1.035678204528102e-04
8.383836220116764e-05
8.409097806515997e-05
1.028921783073408e-04
1.939190851102184e-04
7.975053426680164e-04
3.847452812642421e-03
3.801955440862448e-03
3.774239526436297e-03
8.606625445061657e-04
2.304333116138984e-04
1.403722149332424e-04
1.217818227460284e-04
1.186403256803548e-04
1.400255141865685e-04
2.107702195605316e-04
7.929873041317911e-04
3.720175161075233e-03
3.840614689373913e-03
7.341328882163746e-04
8.827580187917997e-04
7.472164094356087e-04
2.323079835914472e-04
2.171415886388899e-04
2.215056162972350e-04
2.288041857563975e-04
2.956777687898100e-04
8.595356159896669e-04
1.466084719505695e-04
3.937633685768570e-03
1.494688538371688e-04
1.112027838155602e-03
6.600695203857426e-04
5.949382294762132e-04
5.887054223428414e-04
6.858824460861151e-05
6.043203022095665e-04
6.453999087227249e-04
1.181084240830498e-03
4.153160275447032e-03
4.657542375076660e-03
6.945344780476187e-05
4.608175568125663e-05
3.208830238722015e-03
3.209482543787519e-03
3.210699723282815e-03
3.192434979995658e-03
3.210078240538196e-03
4.668093379293208e-05
3.358881959266977e-03
4.773671613325465e-03
5.164715506370901e-05
5.208149419457910e-05
5.053870042397372e-05
7.461772892793404e-05
1.522768453327559e-04
7.579524986672667e-04
3.805663789116240e-03
4.804135586956597e-05
3.802162534626295e-03
7.752166245176253e-04
1.646367219153565e-04
6.931387229897838e-05
7.525128626639599e-05
1.451179206288723e-04
5.552794085657905e-05
4.776774166993062e-05
5.823997773310736e-05
1.615952085302952e-04
4.850916139296438e-05
7.639359446629325e-05
1.574587095323636e-04
4.656909585778058e-05
7.781463566262133e-04
7.750708228526600e-04
3.905487012352095e-03
3.787528983064181e-03
3.781482973297081e-03
7.552051823205110e-04
1.740567937354857e-04
3.755443148477162e-03
8.046910354495957e-05
6.403079681406634e-05
6.117529386919198e-05
7.524255831180584e-04
7.807002402459516e-05
1.616496638153535e-04
1.641002523695152e-04
7.626356280006445e-04
3.697662376739200e-03
6.999608055569818e-05
3.720436647170052e-03
7.472769964487186e-04
1.841050340242490e-04
9.136135668426564e-05
7.270960944408298e-05
7.966382634400803e-05
9.700596489869530e-05
1.821595638807158e-04
7.646384744988623e-04
3.769605702743679e-03
5.162229134713818e-05
3.800835764656746e-03
8.026079476723776e-04
2.060366891852834e-04
1.375995280895174e-04
1.135910427874901e-04
1.096463271195025e-04
1.176509644342716e-04
2.088264491773411e-04
7.932897355646465e-04
3.743112608498997e-03
5.656010458625899e-05
3.857618537847919e-03
9.241069680698062e-04
3.320834624478942e-04
2.687000539851537e-04
2.516014973830070e-04
2.566273991280443e-04
3.832424815954226e-03
3.286261247288825e-04
8.924330043000884e-04
3.813937869922395e-03
7.727678364503453e-05
4.203901470838812e-03
1.712893068993281e-03
1.325321824100760e-03
1.288330103439727e-03
1.294379940815303e-03
1.227004764800121e-03
5.268989507996675e-05
1.313786318693629e-03
1.680056620238855e-03
4.228737814972718e-03
1.602566535557018e-04
4.832018468211687e-03
4.523985431078428e-03
4.287557278779158e-03
4.386182662015174e-03
4.279734855773143e-03
4.429562761948811e-03
1.572360786999010e-04
4.507235413482288e-03
4.492685666400486e-03
4.860464045685168e-03
7.325246882973166e-04
3.861091991813146e-03
1.666106598969283e-03
1.123207375974486e-03
1.085668911660651e-03
1.048031231706062e-03
1.021367506704592e-03
3.803588016603905e-03
1.150257689432008e-03
1.689788314788509e-03
4.079193554730414e-03
3.841631221603848e-03
3.814485419387508e-03
7.905539020433181e-04
3.881083389429029e-03
6.686881111363527e-05
6.182469675129460e-05
5.837935178581318e-05
8.961775511537739e-05
1.749338448907666e-04
7.669522134591978e-04
3.852223221521700e-03
3.817747347621178e-03
3.827941276257550e-03
7.451277439263026e-04
1.576625045020638e-04
8.460582917760355e-05
1.660063384363636e-04
6.153121109416948e-05
8.193560640550961e-05
1.642082312191476e-04
7.537231423913455e-04
3.799368783345136e-03
8.448955297933459e-05
8.253629289710412e-04
1.621549207249729e-04
8.473348117935233e-05
6.241084966241679e-05
5.043296588753482e-05
5.811324486102546e-05
1.659364090367766e-04
7.395140021006173e-04
3.779473680300377e-03
1.656414817310643e-04
3.825421098255869e-03
7.933217666039964e-04
5.781003909290265e-05
9.337860707753699e-05
3.766936449464521e-03
6.889080194964058e-05
9.185984602955700e-05
1.812712565347199e-04
8.566268979552439e-05
3.710698808301529e-03
7.629692846605393e-05
3.770164130674986e-03
8.077219851388964e-04
1.878665407089110e-04
6.774530827295263e-05
1.690169791372716e-04
3.718816561519411e-03
1.092183022835357e-04
1.860319327121843e-04
7.849388004093588e-04
3.809711384352830e-03
5.762965674807317e-05
7.733114827620786e-04
8.235588662972166e-04
6.867658304225254e-04
1.358331119595828e-04
1.264527263957551e-04
1.158387051383491e-04
3.749094959093553e-03
3.755171589728460e-03
8.255883046016871e-04
1.815609964236821e-04
9.656369984830050e-05
7.419090021961591e-05
7.201504330012972e-05
9.343655001900248e-05
1.724557076282332e-04
7.677893517234652e-04
3.779629604982496e-03
3.852869482994872e-03
8.214091101421063e-04
2.046552247051458e-04
8.046754857901631e-05
1.282258660221570e-04
1.102674447304182e-04
1.144884784760681e-04
1.353235363996108e-04
2.056943700430488e-04
8.011275193678332e-04
3.830844215106808e-03
3.846522099423574e-03
9.143772880509293e-04
3.252125023277259e-04
2.573123647737647e-04
2.376834567895153e-04
2.321309566994427e-04
2.650791111854375e-04
3.336627286686713e-04
8.900789243609492e-04
3.851742957384530e-03
4.298984100250885e-03
1.701987205180414e-03
1.293297835608586e-03
7.920160484810636e-04
1.260582258700764e-03
1.271264610323953e-03
1.209734796810510e-03
1.283640577971133e-03
1.291601802147663e-03
1.697172275170969e-03
4.077842207485386e-03
4.852126708612623e-03
4.540261228129726e-03
4.524302115316528e-03
4.337253738510132e-03
4.374349711138859e-03
4.346329602565422e-03
4.309113160996247e-03
4.435247767800722e-03
4.551285949258419e-03
4.916057842811919e-03
4.022050180530205e-03
1.606236154456626e-03
1.203097421533903e-03
1.095678208551337e-03
1.031558010638644e-03
1.072767957293057e-03
1.037677047146401e-03
1.155219680188154e-03
1.688233902841189e-03
3.990333005075327e-03
3.731668462062590e-03
7.318569720713720e-04
1.682653954769284e-04
8.593782433635528e-05
5.700313767651239e-05
6.214884734408664e-05
8.165275369364037e-05
1.669668793015223e-04
7.542541727040896e-04
3.715137625414960e-03
3.813641733898217e-03
7.950887619115291e-04
1.706687432843760e-04
8.743222215275425e-05
5.727457681244975e-05
6.022301887562646e-05
8.178960958287532e-05
1.676755912287734e-04
7.160480928908484e-04
3.793002463184537e-03
3.739909504564009e-03
7.605387532784235e-04
1.596904193176344e-04
7.908510201512502e-05
6.230803934330848e-05
6.485458251652902e-05
8.512934277238703e-05
1.676072104997210e-04
7.173330613467811e-04
3.744271366601768e-03
3.819795722514950e-03
7.847713425385438e-04
1.791994123573994e-04
8.980217911257768e-05
6.853863678823472e-05
6.751266144528452e-05
9.481977091816107e-05
1.713312972752054e-04
7.532480656709250e-04
3.763524237234908e-03
3.770704830735458e-03
7.788353261518523e-04
1.897298935416581e-04
1.106820603459025e-04
8.666965929967793e-05
8.548169679605321e-05
1.048277520684334e-04
1.920987928728237e-04
8.116859269849846e-04
3.893585567429373e-03
3.809132005301445e-03
8.118919127569043e-04
2.197562984972679e-04
1.383358768608617e-04
1.208519531119452e-04
1.153494133851352e-04
1.396951940932727e-04
2.134004790783423e-04
7.936141253829682e-04
3.912219171301747e-03
3.800455824152255e-03
8.695290988137553e-04
2.987599253332918e-04
2.372483936866474e-04
2.205452642943365e-04
2.141017372417194e-04
2.244682356207529e-04
3.087937239545495e-04
9.156527882122115e-04
3.844272271452130e-03
3.889457793867867e-03
1.168304057582969e-03
6.422140290258768e-04
5.936565849960622e-04
5.832352158349978e-04
5.847973333625381e-04
6.012092119678041e-04
6.267811116515592e-04
1.128136227699355e-03
4.063771515822289e-03
4.629662074939127e-03
3.362559686652962e-03
3.217182684775386e-03
3.147911230940075e-03
3.180934426697503e-03
3.227912075692211e-03
3.192943447563703e-03
3.188476024113242e-03
3.370752783321894e-03
4.692614550087093e-03
7.036005590378256e-05
5.537449027007087e-05
5.123098762998581e-05
7.368001521463900e-05
1.552660060992571e-04
7.761689435790517e-04
3.841124365660424e-03
3.875781950237007e-03
7.324811744325396e-04
1.571559759198916e-04
7.424509739291843e-05
5.297518411499406e-05
5.121505395062368e-05
7.106247242235637e-05
1.630579593272736e-04
7.918553392883504e-04
3.762177321957591e-03
3.666328365038055e-03
7.589034579204187e-04
1.689478051867259e-04
8.250913072682520e-05
6.202496629213554e-05
5.702419581853781e-05
8.061625242738181e-05
1.613760779450572e-04
7.793352319640963e-04
3.759306212694605e-03
3.800835764656746e-03
7.601582084147005e-04
1.822288637394350e-04
9.329907088430848e-05
7.001076144873355e-05
7.376152187078349e-05
9.128241225945282e-05
1.748481643786691e-04
8.015330444131880e-04
3.739312800547943e-03
3.833053752462717e-03
7.879384870991684e-04
2.014854360728767e-04
1.347785680520552e-04
1.044973942026855e-04
1.118164426262751e-04
1.333547606531543e-04
2.106749448456099e-04
8.012447146957691e-04
3.965054672889010e-03
3.867490544466172e-03
8.818457385295607e-04
3.347015214636884e-04
2.503413076556280e-04
2.558262957830458e-04
2.523027303647495e-04
2.660190157009522e-04
3.472996918555405e-04
9.270579534780884e-04
3.898177085975678e-03
4.128811447761093e-03
1.706427835371544e-03
1.281998735388104e-03
1.249247400558995e-03
1.301447216959663e-03
1.230532308916702e-03
1.230386456888466e-03
1.342231392534415e-03
1.712365664835935e-03
4.170800312740326e-03
4.847440104213654e-03
4.592419847376010e-03
4.404504416523312e-03
4.416532373978812e-03
4.301496623035613e-03
4.277449572060029e-03
4.396806088613143e-03
4.512935326861948e-03
4.469749024789030e-03
4.789837416996355e-03
4.038823163777199e-03
1.680448446474928e-03
1.157937785838648e-03
1.036717727590526e-03
1.018202275948206e-03
9.743562150459126e-04
1.086001007059194e-03
1.214467433237726e-03
1.654851214066656e-03
4.030113541417115e-03
3.816293259306539e-03
7.757463453853647e-04
1.677507835900146e-04
8.111844976838409e-05
5.900609749208633e-05
6.516819459519531e-05
8.589471337773343e-05
1.612880051776623e-04
7.463653205457127e-04
3.742523559699884e-03
3.840949101482849e-03
7.270458696704026e-04
1.584767274787457e-04
8.386526877785426e-05
5.991725717158068e-05
6.006673535521353e-05
7.735881911550788e-05
1.614757090827835e-04
7.359982429890811e-04
3.781906024760192e-03
3.036916225828826e-04
7.345914961476955e-04
1.593660546809474e-04
7.538443415992001e-05
3.831075080333820e-03
5.071315564153356e-05
4.609598330486723e-05
0.000000000000000e+00
2.222491292436540e-04
2.877262395426424e-04
1.987318620898958e-04
6.729749973749297e-03
7.084219959816795e-03
6.645679978281261e-03
6.757218906702223e-03
6.646465242378026e-03
6.825010284775879e-03
6.884349497522713e-03
5.805668187314202e-03
9.720187549856811e-03
9.021230786438947e-03
9.841264878599402e-03
5.938014801221781e-03
1.167427434515478e-02
6.827521195935984e-03
1.149815681234288e-02
1.190488654710165e-02
6.981602179487468e-03
3.124108391457899e-04
6.826967602878543e-03
1.167477475459971e-02
1.182133750929247e-02
7.278465046369957e-03
5.380787026624466e-04
6.957634098118333e-03
1.153997766545533e-02
1.229171835847257e-02
9.587471873910939e-03
3.644781749662539e-03
9.788594568535831e-03
1.212888464160238e-02
9.020816598911253e-03
1.774873331588399e-02
1.777081096157225e-02
1.778632929505150e-02
9.059026607059510e-03
3.042977445303291e-04
7.014107842288357e-03
5.720611071765569e-03
5.883780812369317e-03
5.647144357587734e-03
5.802801912925081e-03
5.700181312252669e-03
5.978184142003477e-03
5.756534184576089e-03
9.523514550811542e-03
9.997672242291845e-03
9.499797882883342e-03
9.771931175763091e-03
9.484061174267895e-03
9.880411240652679e-03
9.595462308783730e-03
9.035267231078841e-03
9.049003107726846e-03
9.075134795150186e-03
9.162570265733817e-03
9.062735761125613e-03
9.110893522249324e-03
9.088709509336053e-03
9.542356054260074e-03
9.627872079919648e-03
9.576763434114189e-03
9.906444618974114e-03
9.662624347442736e-03
9.852398787296194e-03
9.584040725092021e-03
5.730621678101261e-03
5.825895285030966e-03
5.612001674000115e-03
5.933447859950950e-03
5.797848987557431e-03
5.849251754856288e-03
5.816393952075630e-03
1.151566389060491e-02
1.161393995420424e-02
1.170019732718964e-02
1.158677038052473e-02
1.153889626533439e-02
1.165233449337164e-02
1.136183351468205e-02
6.772105483329895e-03
6.878689471852433e-03
6.719107610562029e-03
6.900143418812219e-03
6.835883110284005e-03
6.551276245740946e-03
6.843699489697691e-03
1.169780406462690e-02
1.156803524430121e-02
1.160600673200551e-02
1.151095391764893e-02
1.158203300995019e-02
1.154820178589822e-02
1.155715758391922e-02
1.169116014212527e-02
1.164641741357426e-02
1.157920783198892e-02
1.178655864996313e-02
1.157186768765085e-02
1.169893784254804e-02
1.155132833766370e-02
6.867762656919489e-03
6.702291113450259e-03
6.895043432697867e-03
6.982760937590241e-03
6.829589716137524e-03
6.761968364461426e-03
6.655760287381827e-03
2.283036504032860e-04
3.230599510111629e-04
2.139320885686847e-04
3.107530565879901e-04
2.216680126594736e-04
3.032151356909182e-04
2.324724700293666e-04
6.679329894563327e-03
6.587580910680576e-03
6.848700360897825e-03
6.728901050479989e-03
6.762042499194009e-03
6.742400421214809e-03
6.777862206477458e-03
1.142852979382548e-02
1.125790226028630e-02
1.166078585288615e-02
1.155739852180012e-02
1.149515354986094e-02
1.159550135691105e-02
1.150341151442088e-02
1.169850350971258e-02
1.174183123184602e-02
1.158554393418787e-02
1.168676524178277e-02
1.158206282500569e-02
1.187767184793275e-02
1.164517323936655e-02
6.839202251191734e-03
6.959941944576147e-03
6.913710880687292e-03
7.168251679200074e-03
6.625694221351548e-03
7.111034170267283e-03
6.785059722036533e-03
2.642182014580051e-04
5.536295708137414e-04
2.595336115898140e-04
5.404015573745467e-04
2.707110341513825e-04
5.222692694859593e-04
2.781901307497740e-04
7.044670691608174e-03
6.883737885978900e-03
6.581576803153632e-03
6.946317270027016e-03
6.405284811976469e-03
7.097192732206579e-03
6.875271216030490e-03
1.148930415829765e-02
1.208275672168930e-02
1.153498968725217e-02
1.183191379587026e-02
1.163059609466618e-02
1.179830336439142e-02
1.178670611361598e-02
1.183560280462860e-02
1.232953110115166e-02
1.163646160247569e-02
1.229735179233660e-02
1.198959273138897e-02
1.236750822954212e-02
1.175203765057321e-02
8.472613620014040e-03
9.651261588049707e-03
8.414922293442564e-03
9.687033208145819e-03
8.412288092998921e-03
9.710219651573586e-03
8.597437170189027e-03
2.270126182097154e-03
3.711395030137963e-03
2.234193802445061e-03
3.757258643613145e-03
2.330546794964934e-03
3.810594957551502e-03
2.437214587967782e-03
8.392237871084356e-03
9.741134640873174e-03
8.221372622913527e-03
9.627319292674514e-03
8.735424470271426e-03
9.780888585408711e-03
8.371586513186013e-03
1.163028746855119e-02
1.244239881407295e-02
1.158606851800213e-02
1.229100521457762e-02
1.173094954240247e-02
1.225746166552056e-02
1.182077424648730e-02
6.288539530216142e-03
8.984548598431759e-03
6.138220481437110e-03
9.048809712772280e-03
6.273706943013288e-03
9.109298819686473e-03
6.316004031201358e-03
1.214159874824044e-02
1.784621404273267e-02
1.202169387640990e-02
1.789006634868037e-02
1.194976223468392e-02
1.783788033181553e-02
1.224119553821699e-02
1.185420901088241e-02
1.758731782868061e-02
1.186953153197016e-02
1.785523591736315e-02
1.187771133273597e-02
1.789878523788203e-02
1.216600277406966e-02
1.205072809977633e-02
1.764924933963093e-02
1.214811776983391e-02
1.779101106457660e-02
1.220694045688960e-02
1.752543466646893e-02
1.191848946471839e-02
6.232154828306450e-03
8.960881890866820e-03
6.302676298488717e-03
8.909538753678954e-03
6.214870960054479e-03
8.979560620228592e-03
6.314136158265180e-03
2.113275269090945e-04
2.871412198050821e-04
2.099646087029201e-04
2.989621590416400e-04
9.257735893813887e-03
1.855592034237512e-02
9.495021027505575e-03
1.831293086333607e-02
3.633025753861895e-02
1.819263920159641e-02
1.855567698705730e-02
9.177008004904433e-03
1.881302604147284e-02
9.489794528858448e-03
3.610524250898213e-02
1.873043350287645e-02
9.115667960190159e-03
9.065207187482495e-03
9.177452813299933e-03
9.173388296004819e-03
9.282515428179889e-03
9.167074756550569e-03
9.253230597184825e-03
1.803161695080064e-02
1.800707351944167e-02
1.811024489282844e-02
1.822241396647636e-02
1.806199124003975e-02
1.844829282691025e-02
1.829532386434751e-02
9.171705759900098e-03
9.233534126874655e-03
9.163653277479382e-03
9.188170922844411e-03
9.386117105340566e-03
9.113201368707137e-03
9.243924270808676e-03
1.829662283379235e-02
1.829551887092671e-02
1.813569244560000e-02
1.829386534406516e-02
1.836416602167430e-02
1.852861780966436e-02
1.855589294475657e-02
3.636880759956232e-02
3.621378220398271e-02
3.675880464168963e-02
3.612220969299600e-02
3.537081549927235e-02
3.614639373206440e-02
3.719269911525405e-02
1.826436616699546e-02
1.836963265239002e-02
1.818262134294991e-02
1.885767771323274e-02
1.864960408161584e-02
1.833578370046721e-02
1.849676404902282e-02
1.884172746435496e-02
1.800323140634430e-02
1.806787044665854e-02
1.832195918446504e-02
1.875140073920058e-02
1.827052740792299e-02
1.825306545515036e-02
9.545597837185978e-03
9.550141006993643e-03
9.346177018161261e-03
9.584927924446093e-03
9.500310379512940e-03
9.393609548205353e-03
9.354935392166140e-03
1.831485191988476e-02
1.843773990888947e-02
1.871320523567391e-02
1.878420213511949e-02
1.833483928843909e-02
1.885516035557415e-02
1.842594603991022e-02
9.693801225743296e-03
9.235186847923878e-03
9.343084310512836e-03
9.374510184817400e-03
9.437517455202491e-03
9.532035210184768e-03
9.430243387473902e-03
3.688042105886807e-02
3.648853196943527e-02
3.657044440244143e-02
3.625210663747908e-02
3.648350692386580e-02
3.650147331514493e-02
3.689639548211517e-02
1.831648933050007e-02
1.857113891367480e-02
1.840757029597727e-02
1.847403691861214e-02
1.877043402597905e-02
1.821050728377362e-02
1.819221050944712e-02
