0.000000000000000e+00
0.000000000000000e+00
0.000000000000000e+00
0.000000000000000e+00
0.000000000000000e+00
0.000000000000000e+00
0.000000000000000e+00
0.000000000000000e+00
0.000000000000000e+00
0.000000000000000e+00
0.000000000000000e+00
0.000000000000000e+00
0.000000000000000e+00
0.000000000000000e+00
0.000000000000000e+00
0.000000000000000e+00
0.000000000000000e+00
0.000000000000000e+00
0.000000000000000e+00
0.000000000000000e+00
0.000000000000000e+00
0.000000000000000e+00
0.000000000000000e+00
0.000000000000000e+00
0.000000000000000e+00
0.000000000000000e+00
0.000000000000000e+00
0.000000000000000e+00
0.000000000000000e+00
0.000000000000000e+00
0.000000000000000e+00
0.000000000000000e+00
0.000000000000000e+00
0.000000000000000e+00
0.000000000000000e+00
0.000000000000000e+00
0.000000000000000e+00
0.000000000000000e+00
0.000000000000000e+00
0.000000000000000e+00
0.000000000000000e+00
0.000000000000000e+00
0.000000000000000e+00
0.000000000000000e+00
0.000000000000000e+00
0.000000000000000e+00
0.000000000000000e+00
0.000000000000000e+00
0.000000000000000e+00
0.000000000000000e+00
0.000000000000000e+00
0.000000000000000e+00
0.000000000000000e+00
0.000000000000000e+00
0.000000000000000e+00
0.000000000000000e+00
0.000000000000000e+00
0.000000000000000e+00
0.000000000000000e+00
0.000000000000000e+00
0.000000000000000e+00
0.000000000000000e+00
0.000000000000000e+00
0.000000000000000e+00
0.000000000000000e+00
0.000000000000000e+00
0.000000000000000e+00
0.000000000000000e+00
0.000000000000000e+00
0.000000000000000e+00
0.000000000000000e+00
0.000000000000000e+00
0.000000000000000e+00
0.000000000000000e+00
0.000000000000000e+00
0.000000000000000e+00
0.000000000000000e+00
0.000000000000000e+00
0.000000000000000e+00
0.000000000000000e+00
0.000000000000000e+00
0.000000000000000e+00
0.000000000000000e+00
0.000000000000000e+00
0.000000000000000e+00
0.000000000000000e+00
0.000000000000000e+00
0.000000000000000e+00
0.000000000000000e+00
0.000000000000000e+00
0.000000000000000e+00
0.000000000000000e+00
0.000000000000000e+00
0.000000000000000e+00
0.000000000000000e+00
0.000000000000000e+00
0.000000000000000e+00
0.000000000000000e+00
0.000000000000000e+00
0.000000000000000e+00
0.000000000000000e+00
0.000000000000000e+00
0.000000000000000e+00
0.000000000000000e+00
0.000000000000000e+00
0.000000000000000e+00
0.000000000000000e+00
0.000000000000000e+00
0.000000000000000e+00
0.000000000000000e+00
0.000000000000000e+00
0.000000000000000e+00
0.000000000000000e+00
0.000000000000000e+00
0.000000000000000e+00
0.000000000000000e+00
0.000000000000000e+00
0.000000000000000e+00
0.000000000000000e+00
0.000000000000000e+00
0.000000000000000e+00
0.000000000000000e+00
0.000000000000000e+00
0.000000000000000e+00
0.000000000000000e+00
0.000000000000000e+00
0.000000000000000e+00
0.000000000000000e+00
0.000000000000000e+00
0.000000000000000e+00
0.000000000000000e+00
0.000000000000000e+00
0.000000000000000e+00
0.000000000000000e+00
0.000000000000000e+00
0.000000000000000e+00
0.000000000000000e+00
0.000000000000000e+00
0.000000000000000e+00
0.000000000000000e+00
0.000000000000000e+00
0.000000000000000e+00
0.000000000000000e+00
0.000000000000000e+00
0.000000000000000e+00
0.000000000000000e+00
0.000000000000000e+00
0.000000000000000e+00
0.000000000000000e+00
0.000000000000000e+00
0.000000000000000e+00
0.000000000000000e+00
0.000000000000000e+00
0.000000000000000e+00
0.000000000000000e+00
0.000000000000000e+00
0.000000000000000e+00
0.000000000000000e+00
0.000000000000000e+00
0.000000000000000e+00
0.000000000000000e+00
0.000000000000000e+00
0.000000000000000e+00
0.000000000000000e+00
0.000000000000000e+00
0.000000000000000e+00
0.000000000000000e+00
0.000000000000000e+00
0.000000000000000e+00
0.000000000000000e+00
0.000000000000000e+00
0.000000000000000e+00
0.000000000000000e+00
0.000000000000000e+00
0.000000000000000e+00
0.000000000000000e+00
0.000000000000000e+00
0.000000000000000e+00
0.000000000000000e+00
0.000000000000000e+00
0.000000000000000e+00
0.000000000000000e+00
0.000000000000000e+00
0.000000000000000e+00
0.000000000000000e+00
0.000000000000000e+00
0.000000000000000e+00
0.000000000000000e+00
0.000000000000000e+00
0.000000000000000e+00
0.000000000000000e+00
0.000000000000000e+00
0.000000000000000e+00
0.000000000000000e+00
0.000000000000000e+00
0.000000000000000e+00
0.000000000000000e+00
0.000000000000000e+00
0.000000000000000e+00
0.000000000000000e+00
0.000000000000000e+00
0.000000000000000e+00
0.000000000000000e+00
0.000000000000000e+00
0.000000000000000e+00
0.000000000000000e+00
0.000000000000000e+00
0.000000000000000e+00
0.000000000000000e+00
0.000000000000000e+00
0.000000000000000e+00
0.000000000000000e+00
0.000000000000000e+00
0.000000000000000e+00
0.000000000000000e+00
0.000000000000000e+00
0.000000000000000e+00
0.000000000000000e+00
0.000000000000000e+00
0.000000000000000e+00
0.000000000000000e+00
0.000000000000000e+00
0.000000000000000e+00
0.000000000000000e+00
0.000000000000000e+00
0.000000000000000e+00
0.000000000000000e+00
0.000000000000000e+00
0.000000000000000e+00
0.000000000000000e+00
0.000000000000000e+00
0.000000000000000e+00
0.000000000000000e+00
0.000000000000000e+00
0.000000000000000e+00
0.000000000000000e+00
1.944067623359539e-01
1.022015081701587e-01
9.105246291680183e-02
1.185358885980653e-01
1.804498606967778e-03
1.026818525235361e-01
8.761406420429314e-02
1.019509972162875e-01
1.955547632217834e-01
1.692370399881232e-01
0.000000000000000e+00
5.243094516602771e-02
1.944255756970961e-01
1.018599006820296e-01
5.266708913525994e-02
1.052013797161635e-01
1.051619649200196e-01
1.048746465724738e-01
5.241041105061110e-02
1.050389457668643e-01
1.053547156698187e-01
0.000000000000000e+00
1.052498925079514e-01
5.287886177272109e-02
0.000000000000000e+00
0.000000000000000e+00
0.000000000000000e+00
0.000000000000000e+00
1.017005051447389e-01
0.000000000000000e+00
0.000000000000000e+00
0.000000000000000e+00
0.000000000000000e+00
0.000000000000000e+00
0.000000000000000e+00
0.000000000000000e+00
0.000000000000000e+00
0.000000000000000e+00
0.000000000000000e+00
0.000000000000000e+00
1.956121589149309e-01
0.000000000000000e+00
0.000000000000000e+00
0.000000000000000e+00
0.000000000000000e+00
0.000000000000000e+00
0.000000000000000e+00
0.000000000000000e+00
0.000000000000000e+00
0.000000000000000e+00
0.000000000000000e+00
0.000000000000000e+00
1.680785356050667e-01
0.000000000000000e+00
0.000000000000000e+00
0.000000000000000e+00
0.000000000000000e+00
0.000000000000000e+00
0.000000000000000e+00
0.000000000000000e+00
0.000000000000000e+00
0.000000000000000e+00
0.000000000000000e+00
0.000000000000000e+00
0.000000000000000e+00
0.000000000000000e+00
0.000000000000000e+00
0.000000000000000e+00
0.000000000000000e+00
0.000000000000000e+00
0.000000000000000e+00
0.000000000000000e+00
0.000000000000000e+00
0.000000000000000e+00
0.000000000000000e+00
0.000000000000000e+00
0.000000000000000e+00
0.000000000000000e+00
0.000000000000000e+00
0.000000000000000e+00
0.000000000000000e+00
0.000000000000000e+00
0.000000000000000e+00
0.000000000000000e+00
0.000000000000000e+00
0.000000000000000e+00
0.000000000000000e+00
0.000000000000000e+00
0.000000000000000e+00
0.000000000000000e+00
0.000000000000000e+00
0.000000000000000e+00
0.000000000000000e+00
0.000000000000000e+00
0.000000000000000e+00
0.000000000000000e+00
0.000000000000000e+00
0.000000000000000e+00
0.000000000000000e+00
0.000000000000000e+00
0.000000000000000e+00
0.000000000000000e+00
0.000000000000000e+00
0.000000000000000e+00
0.000000000000000e+00
0.000000000000000e+00
0.000000000000000e+00
0.000000000000000e+00
0.000000000000000e+00
0.000000000000000e+00
0.000000000000000e+00
0.000000000000000e+00
0.000000000000000e+00
0.000000000000000e+00
0.000000000000000e+00
0.000000000000000e+00
0.000000000000000e+00
0.000000000000000e+00
0.000000000000000e+00
0.000000000000000e+00
0.000000000000000e+00
0.000000000000000e+00
0.000000000000000e+00
0.000000000000000e+00
0.000000000000000e+00
0.000000000000000e+00
0.000000000000000e+00
0.000000000000000e+00
0.000000000000000e+00
0.000000000000000e+00
0.000000000000000e+00
0.000000000000000e+00
0.000000000000000e+00
0.000000000000000e+00
0.000000000000000e+00
0.000000000000000e+00
0.000000000000000e+00
0.000000000000000e+00
0.000000000000000e+00
0.000000000000000e+00
0.000000000000000e+00
0.000000000000000e+00
0.000000000000000e+00
0.000000000000000e+00
0.000000000000000e+00
0.000000000000000e+00
0.000000000000000e+00
0.000000000000000e+00
0.000000000000000e+00
0.000000000000000e+00
0.000000000000000e+00
0.000000000000000e+00
0.000000000000000e+00
0.000000000000000e+00
0.000000000000000e+00
0.000000000000000e+00
0.000000000000000e+00
0.000000000000000e+00
0.000000000000000e+00
0.000000000000000e+00
0.000000000000000e+00
0.000000000000000e+00
0.000000000000000e+00
0.000000000000000e+00
0.000000000000000e+00
0.000000000000000e+00
0.000000000000000e+00
0.000000000000000e+00
0.000000000000000e+00
0.000000000000000e+00
0.000000000000000e+00
0.000000000000000e+00
0.000000000000000e+00
0.000000000000000e+00
0.000000000000000e+00
0.000000000000000e+00
0.000000000000000e+00
0.000000000000000e+00
0.000000000000000e+00
0.000000000000000e+00
0.000000000000000e+00
0.000000000000000e+00
0.000000000000000e+00
0.000000000000000e+00
0.000000000000000e+00
0.000000000000000e+00
0.000000000000000e+00
1.456246111365545e-02
0.000000000000000e+00
2.821792853501393e-02
0.000000000000000e+00
0.000000000000000e+00
0.000000000000000e+00
1.100563827077350e-03
0.000000000000000e+00
0.000000000000000e+00
0.000000000000000e+00
0.000000000000000e+00
0.000000000000000e+00
0.000000000000000e+00
0.000000000000000e+00
0.000000000000000e+00
0.000000000000000e+00
0.000000000000000e+00
0.000000000000000e+00
0.000000000000000e+00
0.000000000000000e+00
0.000000000000000e+00
0.000000000000000e+00
0.000000000000000e+00
0.000000000000000e+00
0.000000000000000e+00
0.000000000000000e+00
0.000000000000000e+00
0.000000000000000e+00
0.000000000000000e+00
0.000000000000000e+00
1.080849904484242e-03
1.131585300536244e-01
0.000000000000000e+00
0.000000000000000e+00
0.000000000000000e+00
1.474779242753595e-03
1.136090228659062e-01
0.000000000000000e+00
0.000000000000000e+00
0.000000000000000e+00
0.000000000000000e+00
9.942378541287554e-02
0.000000000000000e+00
0.000000000000000e+00
9.966390740276612e-02
0.000000000000000e+00
0.000000000000000e+00
0.000000000000000e+00
0.000000000000000e+00
0.000000000000000e+00
0.000000000000000e+00
0.000000000000000e+00
0.000000000000000e+00
4.289460168630891e-04
0.000000000000000e+00
0.000000000000000e+00
0.000000000000000e+00
0.000000000000000e+00
0.000000000000000e+00
0.000000000000000e+00
3.615836039728038e-02
4.852307235313448e-02
3.607839188794060e-02
1.466019745248559e-02
3.614075227221747e-02
4.844760006860346e-02
3.473164283154044e-02
1.234210685242942e-02
3.481074683323490e-02
4.741308080034894e-02
3.473981915946449e-02
1.241031606180816e-02
3.470015458303048e-02
4.728732441592835e-02
3.340640315226059e-02
1.090451830251974e-02
3.352471486027753e-02
4.638460663329625e-02
3.348370360993158e-02
1.093316540285135e-02
3.333829176665404e-02
4.614534415611615e-02
1.085228623874279e-03
4.126553635330765e-04
1.058708761462412e-03
1.467028826449261e-03
0.000000000000000e+00
0.000000000000000e+00
0.000000000000000e+00
0.000000000000000e+00
0.000000000000000e+00
0.000000000000000e+00
0.000000000000000e+00
0.000000000000000e+00
0.000000000000000e+00
0.000000000000000e+00
0.000000000000000e+00
0.000000000000000e+00
0.000000000000000e+00
0.000000000000000e+00
0.000000000000000e+00
0.000000000000000e+00
0.000000000000000e+00
3.618497970035151e-02
0.000000000000000e+00
0.000000000000000e+00
0.000000000000000e+00
0.000000000000000e+00
0.000000000000000e+00
0.000000000000000e+00
0.000000000000000e+00
0.000000000000000e+00
0.000000000000000e+00
0.000000000000000e+00
0.000000000000000e+00
0.000000000000000e+00
0.000000000000000e+00
0.000000000000000e+00
0.000000000000000e+00
0.000000000000000e+00
0.000000000000000e+00
0.000000000000000e+00
0.000000000000000e+00
0.000000000000000e+00
0.000000000000000e+00
0.000000000000000e+00
0.000000000000000e+00
0.000000000000000e+00
0.000000000000000e+00
0.000000000000000e+00
0.000000000000000e+00
1.364079100939127e-04
0.000000000000000e+00
1.597886587182037e-04
2.264163645383141e-04
1.321346894523501e-02
0.000000000000000e+00
1.319191754648852e-02
1.447690970953393e-04
5.203865365791908e-05
0.000000000000000e+00
3.167206072962614e-05
3.013484451479716e-05
4.903619518079457e-03
8.312140388520388e-05
1.398014380292049e-02
6.546615569243148e-03
1.319270932708664e-02
1.239097091699175e-02
4.869097286312277e-03
1.750495472000087e-03
1.778732488434427e-03
1.849334777703127e-03
4.735364649261165e-03
6.088135917899547e-05
1.327585833526731e-02
1.925918313918270e-05
2.470743021968739e-05
3.830277710174338e-05
1.035068265853312e-05
1.337752807438752e-04
1.313593468813916e-05
8.529597758567356e-06
7.951712706362931e-06
1.318787841046287e-02
3.355247072652408e-05
1.163969922342763e-05
3.461469117027605e-05
1.329021634054091e-04
1.317957921916483e-02
1.317388045208645e-02
1.284573262220571e-04
0.000000000000000e+00
3.406919953263809e-05
1.084401881475590e-05
1.327537064027714e-02
6.545619986012922e-06
5.895994029003759e-06
1.044711583168360e-05
3.270535418783046e-05
1.284795068580517e-04
1.317037593404772e-02
1.322749906497241e-02
1.279185370393066e-04
2.997985702890560e-05
9.331081630185405e-06
3.980678553006101e-06
4.616944058621897e-06
9.137413454614792e-06
3.045378071912334e-05
1.259658088770266e-04
1.316058367107066e-02
0.000000000000000e+00
1.312935080416840e-02
8.937338602047855e-05
2.331309111032928e-04
2.090284223340196e-05
6.321933032774989e-06
3.166115821665964e-06
3.291047355968857e-06
5.391283943131006e-06
2.129914211579376e-05
1.538352777252783e-04
8.787044549526021e-05
1.311372691361612e-02
1.392855489220324e-02
1.392889485017553e-04
0.000000000000000e+00
1.313482082592188e-04
0.000000000000000e+00
1.295207640913768e-04
0.000000000000000e+00
1.358632310086705e-04
0.000000000000000e+00
1.558411533082449e-04
0.000000000000000e+00
2.363279500154173e-04
1.322403424174171e-02
0.000000000000000e+00
1.320480871419857e-02
0.000000000000000e+00
1.423958981222976e-04
0.000000000000000e+00
4.841425015552403e-03
4.849323428108694e-03
0.000000000000000e+00
0.000000000000000e+00
0.000000000000000e+00
4.786069885897692e-03
4.775809353161502e-03
0.000000000000000e+00
4.813589709982580e-03
5.205492074041491e-05
0.000000000000000e+00
3.137383566083803e-05
0.000000000000000e+00
2.501435294632870e-05
0.000000000000000e+00
2.520000443266094e-05
0.000000000000000e+00
2.963350246136068e-05
0.000000000000000e+00
5.348813168293276e-05
0.000000000000000e+00
1.433377207093282e-04
0.000000000000000e+00
1.323137813418907e-02
0.000000000000000e+00
1.328099290025605e-02
0.000000000000000e+00
1.365179282652266e-04
3.949449252157085e-05
1.710492122549331e-05
1.238409229797899e-05
1.189298041374502e-05
1.674317696768549e-05
3.970190403679297e-05
1.334067200603843e-04
1.307709807048859e-02
1.320939700205563e-02
1.322588857645320e-04
0.000000000000000e+00
3.820169634285072e-05
1.514178813586768e-05
9.305882434196278e-06
9.112437089194477e-06
1.399029905790883e-05
3.684900301159644e-05
1.333122927882717e-04
1.323616380019784e-02
1.326090865320058e-02
1.344158846308859e-04
3.714787368523191e-05
1.465609966055936e-05
9.685145373768597e-06
1.046920594745723e-05
1.371003191819043e-05
3.781379657661714e-05
1.344828954250958e-04
1.315730957229194e-02
1.320717634976075e-02
1.363298638249836e-04
3.666012325048706e-05
1.739335272292012e-05
1.134616586053368e-05
1.199803457314445e-05
1.645920588984792e-05
3.936117397436897e-05
1.400065508228761e-04
1.323154993558051e-02
1.316260449036958e-02
1.443695893822613e-04
0.000000000000000e+00
4.861751995048163e-05
3.133856861446220e-05
2.648821934366405e-05
2.523228667935159e-05
2.951971152849916e-05
5.086938226713430e-05
1.422861708283059e-04
1.319654037334055e-02
1.310149299099493e-02
1.711865843473613e-04
1.024547692098181e-04
8.358525933043390e-05
8.245284647456776e-05
7.997600871334500e-05
8.174173452907738e-05
9.932853800553866e-05
1.772658524369711e-04
1.311938463216696e-02
1.405324683987683e-02
6.533011054514205e-03
6.534316619869140e-03
6.495995970751739e-03
6.550668583649685e-03
6.549440712504408e-03
6.487789715656963e-03
6.586779980448655e-03
6.485992176659277e-03
1.416084173887518e-02
1.510221172189474e-02
1.242426825107638e-02
0.000000000000000e+00
1.241975016959906e-02
1.243910113650296e-02
1.243222886053247e-02
1.241617963872462e-02
1.238742329093699e-02
1.240137137535245e-02
1.240040756298792e-02
1.504436456707481e-02
1.343525051654519e-02
1.823241364642551e-03
1.808425257801597e-03
1.755982258709802e-03
1.785901760773830e-03
1.780782935356488e-03
1.771860896188489e-03
1.801583003491547e-03
1.819900380089242e-03
1.335873695431171e-02
1.315132168655918e-02
1.666441973545337e-04
8.158809021807656e-05
6.363036927378950e-05
5.882067353960945e-05
6.103723476771905e-05
6.175132747606356e-05
8.166512546282460e-05
1.689818789287756e-04
1.317162353191174e-02
1.328683758492844e-02
1.405548908284630e-04
0.000000000000000e+00
4.482138364468591e-05
2.447926614834728e-05
2.029745983200826e-05
1.922481169932174e-05
2.506278555190755e-05
4.616243167040087e-05
1.392422684664922e-04
1.319636601450232e-02
1.314254359567713e-02
1.297042778674040e-04
3.785704387740396e-05
1.603411847265572e-05
9.765777018463003e-06
9.466005668002748e-06
1.542164800975392e-05
3.914791592831795e-05
1.308467289409994e-04
1.312589431290690e-02
1.318367729891179e-02
1.298652105437744e-04
3.234835867142276e-05
1.353932506228025e-05
8.794757864490540e-06
8.024655218245396e-06
1.374697188497957e-05
3.733963834307019e-05
1.337796301991527e-04
1.313302259495686e-02
1.325743739804845e-02
1.309248734718456e-04
3.542971770187365e-05
1.041651082722695e-05
7.386559966497213e-06
6.887531333562199e-06
1.167448901553033e-05
3.605986551373046e-05
1.341958366130788e-04
1.317223132749253e-02
1.322094190105261e-02
1.330833028608443e-04
3.264495753304194e-05
1.108588749221262e-05
6.128869461126859e-06
6.025053966851602e-06
9.666657652118717e-06
3.381961807136236e-05
1.297667646298351e-04
1.321883372080871e-02
1.311690140149343e-02
1.236617261639594e-04
3.033050605812567e-05
9.087537288898774e-06
4.412827850241996e-06
4.692126501263753e-06
8.566203351101366e-06
3.069534649332203e-05
1.242028307402165e-04
1.313926340784140e-02
1.324369394054278e-02
8.935142185132842e-05
2.095481872880593e-05
6.337173300785539e-06
3.833221589107557e-06
3.150649967142983e-06
6.342554606408870e-06
2.102898187317237e-05
9.193178520661151e-05
1.314037992779049e-02
0.000000000000000e+00
0.000000000000000e+00
0.000000000000000e+00
0.000000000000000e+00
0.000000000000000e+00
0.000000000000000e+00
0.000000000000000e+00
0.000000000000000e+00
0.000000000000000e+00
0.000000000000000e+00
0.000000000000000e+00
0.000000000000000e+00
0.000000000000000e+00
0.000000000000000e+00
0.000000000000000e+00
0.000000000000000e+00
0.000000000000000e+00
0.000000000000000e+00
0.000000000000000e+00
0.000000000000000e+00
0.000000000000000e+00
0.000000000000000e+00
0.000000000000000e+00
0.000000000000000e+00
0.000000000000000e+00
0.000000000000000e+00
0.000000000000000e+00
0.000000000000000e+00
0.000000000000000e+00
0.000000000000000e+00
0.000000000000000e+00
0.000000000000000e+00
0.000000000000000e+00
0.000000000000000e+00
0.000000000000000e+00
0.000000000000000e+00
0.000000000000000e+00
0.000000000000000e+00
0.000000000000000e+00
0.000000000000000e+00
0.000000000000000e+00
1.404563197275384e-02
0.000000000000000e+00
0.000000000000000e+00
0.000000000000000e+00
4.912969907650222e-03
0.000000000000000e+00
0.000000000000000e+00
0.000000000000000e+00
0.000000000000000e+00
0.000000000000000e+00
0.000000000000000e+00
4.866092761787399e-03
0.000000000000000e+00
0.000000000000000e+00
0.000000000000000e+00
0.000000000000000e+00
0.000000000000000e+00
0.000000000000000e+00
4.773405685077078e-03
0.000000000000000e+00
0.000000000000000e+00
0.000000000000000e+00
0.000000000000000e+00
0.000000000000000e+00
0.000000000000000e+00
4.669033388470911e-03
0.000000000000000e+00
0.000000000000000e+00
0.000000000000000e+00
0.000000000000000e+00
0.000000000000000e+00
4.753761400318800e-03
0.000000000000000e+00
0.000000000000000e+00
2.677951278832561e-05
0.000000000000000e+00
2.867042182804388e-05
3.152752020548396e-05
5.371376209003149e-05
1.450143873018561e-04
1.320887373063936e-02
0.000000000000000e+00
1.324073288709504e-02
1.358727767455381e-04
3.831749674694980e-05
0.000000000000000e+00
1.636380579469095e-05
4.888963644005409e-03
1.195105496054616e-05
0.000000000000000e+00
1.181499541445345e-05
0.000000000000000e+00
0.000000000000000e+00
1.563490063473856e-05
3.891979594894401e-05
4.683251744569332e-03
0.000000000000000e+00
1.332871268389842e-04
1.321684582089307e-02
1.316675650013753e-02
0.000000000000000e+00
1.310469393509169e-04
3.835409581603999e-05
0.000000000000000e+00
1.624203292253472e-05
9.325041603928479e-06
1.042566371685835e-05
0.000000000000000e+00
1.431931470637545e-05
3.680100346810840e-05
0.000000000000000e+00
1.311492243694831e-04
1.319893613926398e-02
0.000000000000000e+00
1.319728014040715e-02
1.330525049403342e-04
3.848384284821371e-05
1.521221206603658e-05
9.227585311762560e-06
1.016251667429468e-05
1.426221519990056e-05
3.743723101686432e-05
1.301833252576786e-04
1.320148037431545e-02
0.000000000000000e+00
1.316933032999606e-02
1.317287143893000e-04
3.967497300583211e-05
1.869725238553184e-05
1.302029771149682e-05
1.198510825177005e-05
1.609421867559968e-05
3.696688855011251e-05
1.358560652796603e-04
1.326425163796766e-02
0.000000000000000e+00
1.315524351372751e-02
1.399879333275992e-04
5.303435127233339e-05
2.866267814007524e-05
2.541719833575041e-05
2.642491619557023e-05
0.000000000000000e+00
4.815735786900301e-05
1.450098317145228e-04
1.319235598384694e-02
0.000000000000000e+00
1.321065904356962e-02
1.775563137322855e-04
1.002637247313013e-04
8.710218878318447e-05
8.094221759947599e-05
8.261672478177458e-05
0.000000000000000e+00
1.003871339120994e-04
1.807877628428600e-04
1.319605514041646e-02
0.000000000000000e+00
1.410435561258766e-02
6.490095849117788e-03
6.528643415170012e-03
6.592885788574420e-03
6.525928210896795e-03
6.533469879316319e-03
0.000000000000000e+00
6.555977983947987e-03
6.602712584865444e-03
1.407732480815604e-02
0.000000000000000e+00
1.501401533470704e-02
1.236295632315887e-02
1.240491900140721e-02
1.246650841737088e-02
1.248487229713646e-02
1.242885198882355e-02
0.000000000000000e+00
1.237802113276606e-02
1.247102950219414e-02
1.502372577791296e-02
0.000000000000000e+00
1.350767455824098e-02
1.798717391100749e-03
0.000000000000000e+00
4.749109315172953e-03
1.769825468797447e-03
1.775563803033563e-03
1.731660328834747e-03
1.771328460858812e-03
0.000000000000000e+00
1.340076654165993e-02
0.000000000000000e+00
1.324051308308159e-02
1.664144710765518e-04
8.260036229352137e-05
6.248053222900989e-05
0.000000000000000e+00
5.989785424750000e-05
6.313523937251375e-05
8.272566292383729e-05
1.672664449282972e-04
1.320772037948304e-02
0.000000000000000e+00
1.425982200610558e-04
4.423129487326113e-05
2.560743938268458e-05
2.197498527678476e-05
0.000000000000000e+00
0.000000000000000e+00
4.374124236122823e-05
1.409507018080222e-04
1.319356260531398e-02
0.000000000000000e+00
1.326318911772735e-02
1.373674953420121e-04
0.000000000000000e+00
1.658996604447794e-05
0.000000000000000e+00
1.028107493864875e-05
1.552771513502194e-05
3.774433608988900e-05
0.000000000000000e+00
1.312766760929662e-02
0.000000000000000e+00
1.321889385690156e-02
1.290826909183806e-04
3.578268708843054e-05
0.000000000000000e+00
0.000000000000000e+00
1.394183713422592e-02
1.337350965554170e-05
3.443356181318200e-05
1.274861789918683e-04
1.322650055954000e-02
0.000000000000000e+00
0.000000000000000e+00
1.293269934714315e-04
0.000000000000000e+00
1.173965318971663e-05
7.039014530659434e-06
7.110441574198490e-06
0.000000000000000e+00
0.000000000000000e+00
0.000000000000000e+00
0.000000000000000e+00
0.000000000000000e+00
0.000000000000000e+00
0.000000000000000e+00
0.000000000000000e+00
0.000000000000000e+00
0.000000000000000e+00
0.000000000000000e+00
0.000000000000000e+00
0.000000000000000e+00
0.000000000000000e+00
0.000000000000000e+00
0.000000000000000e+00
0.000000000000000e+00
0.000000000000000e+00
0.000000000000000e+00
0.000000000000000e+00
0.000000000000000e+00
0.000000000000000e+00
0.000000000000000e+00
0.000000000000000e+00
0.000000000000000e+00
0.000000000000000e+00
0.000000000000000e+00
0.000000000000000e+00
0.000000000000000e+00
0.000000000000000e+00
0.000000000000000e+00
0.000000000000000e+00
0.000000000000000e+00
0.000000000000000e+00
0.000000000000000e+00
0.000000000000000e+00
0.000000000000000e+00
0.000000000000000e+00
0.000000000000000e+00
0.000000000000000e+00
0.000000000000000e+00
0.000000000000000e+00
0.000000000000000e+00
0.000000000000000e+00
0.000000000000000e+00
0.000000000000000e+00
0.000000000000000e+00
0.000000000000000e+00
0.000000000000000e+00
0.000000000000000e+00
0.000000000000000e+00
0.000000000000000e+00
0.000000000000000e+00
0.000000000000000e+00
0.000000000000000e+00
0.000000000000000e+00
0.000000000000000e+00
0.000000000000000e+00
0.000000000000000e+00
0.000000000000000e+00
0.000000000000000e+00
0.000000000000000e+00
0.000000000000000e+00
0.000000000000000e+00
0.000000000000000e+00
0.000000000000000e+00
0.000000000000000e+00
0.000000000000000e+00
0.000000000000000e+00
0.000000000000000e+00
0.000000000000000e+00
0.000000000000000e+00
0.000000000000000e+00
0.000000000000000e+00
0.000000000000000e+00
0.000000000000000e+00
0.000000000000000e+00
0.000000000000000e+00
0.000000000000000e+00
0.000000000000000e+00
0.000000000000000e+00
0.000000000000000e+00
0.000000000000000e+00
0.000000000000000e+00
0.000000000000000e+00
0.000000000000000e+00
0.000000000000000e+00
0.000000000000000e+00
0.000000000000000e+00
0.000000000000000e+00
0.000000000000000e+00
0.000000000000000e+00
0.000000000000000e+00
0.000000000000000e+00
0.000000000000000e+00
0.000000000000000e+00
0.000000000000000e+00
0.000000000000000e+00
0.000000000000000e+00
0.000000000000000e+00
0.000000000000000e+00
0.000000000000000e+00
0.000000000000000e+00
0.000000000000000e+00
0.000000000000000e+00
0.000000000000000e+00
0.000000000000000e+00
0.000000000000000e+00
0.000000000000000e+00
0.000000000000000e+00
0.000000000000000e+00
0.000000000000000e+00
0.000000000000000e+00
0.000000000000000e+00
0.000000000000000e+00
0.000000000000000e+00
0.000000000000000e+00
0.000000000000000e+00
0.000000000000000e+00
0.000000000000000e+00
0.000000000000000e+00
0.000000000000000e+00
0.000000000000000e+00
0.000000000000000e+00
0.000000000000000e+00
0.000000000000000e+00
0.000000000000000e+00
0.000000000000000e+00
0.000000000000000e+00
0.000000000000000e+00
0.000000000000000e+00
0.000000000000000e+00
0.000000000000000e+00
0.000000000000000e+00
0.000000000000000e+00
0.000000000000000e+00
0.000000000000000e+00
0.000000000000000e+00
0.000000000000000e+00
0.000000000000000e+00
0.000000000000000e+00
0.000000000000000e+00
0.000000000000000e+00
0.000000000000000e+00
0.000000000000000e+00
0.000000000000000e+00
0.000000000000000e+00
0.000000000000000e+00
0.000000000000000e+00
0.000000000000000e+00
0.000000000000000e+00
0.000000000000000e+00
0.000000000000000e+00
0.000000000000000e+00
0.000000000000000e+00
0.000000000000000e+00
0.000000000000000e+00
0.000000000000000e+00
0.000000000000000e+00
0.000000000000000e+00
0.000000000000000e+00
0.000000000000000e+00
0.000000000000000e+00
0.000000000000000e+00
0.000000000000000e+00
0.000000000000000e+00
0.000000000000000e+00
0.000000000000000e+00
0.000000000000000e+00
0.000000000000000e+00
0.000000000000000e+00
0.000000000000000e+00
0.000000000000000e+00
0.000000000000000e+00
0.000000000000000e+00
0.000000000000000e+00
0.000000000000000e+00
0.000000000000000e+00
0.000000000000000e+00
0.000000000000000e+00
0.000000000000000e+00
0.000000000000000e+00
0.000000000000000e+00
0.000000000000000e+00
0.000000000000000e+00
0.000000000000000e+00
0.000000000000000e+00
0.000000000000000e+00
0.000000000000000e+00
0.000000000000000e+00
0.000000000000000e+00
0.000000000000000e+00
0.000000000000000e+00
0.000000000000000e+00
0.000000000000000e+00
0.000000000000000e+00
0.000000000000000e+00
0.000000000000000e+00
0.000000000000000e+00
0.000000000000000e+00
0.000000000000000e+00
0.000000000000000e+00
0.000000000000000e+00
0.000000000000000e+00
0.000000000000000e+00
0.000000000000000e+00
0.000000000000000e+00
0.000000000000000e+00
0.000000000000000e+00
0.000000000000000e+00
0.000000000000000e+00
0.000000000000000e+00
0.000000000000000e+00
0.000000000000000e+00
0.000000000000000e+00
0.000000000000000e+00
0.000000000000000e+00
0.000000000000000e+00
0.000000000000000e+00
0.000000000000000e+00
0.000000000000000e+00
0.000000000000000e+00
0.000000000000000e+00
0.000000000000000e+00
0.000000000000000e+00
0.000000000000000e+00
0.000000000000000e+00
0.000000000000000e+00
0.000000000000000e+00
0.000000000000000e+00
0.000000000000000e+00
0.000000000000000e+00
0.000000000000000e+00
0.000000000000000e+00
0.000000000000000e+00
0.000000000000000e+00
0.000000000000000e+00
0.000000000000000e+00
0.000000000000000e+00
0.000000000000000e+00
0.000000000000000e+00
0.000000000000000e+00
0.000000000000000e+00
0.000000000000000e+00
0.000000000000000e+00
0.000000000000000e+00
0.000000000000000e+00
0.000000000000000e+00
0.000000000000000e+00
0.000000000000000e+00
0.000000000000000e+00
0.000000000000000e+00
0.000000000000000e+00
0.000000000000000e+00
0.000000000000000e+00
0.000000000000000e+00
0.000000000000000e+00
0.000000000000000e+00
0.000000000000000e+00
0.000000000000000e+00
0.000000000000000e+00
2.307705181484228e-04
1.505705263807518e-04
1.377883003203332e-04
0.000000000000000e+00
1.286922484684539e-04
1.296138654790132e-04
4.478674254263145e-04
0.000000000000000e+00
0.000000000000000e+00
3.952027508167552e-03
2.938529975919361e-02
2.981885553334092e-02
0.000000000000000e+00
0.000000000000000e+00
0.000000000000000e+00
0.000000000000000e+00
2.910870186317046e-02
2.664761894349744e-02
5.153607945937298e-02
5.154931307298029e-02
5.181336677118173e-02
2.668087623761090e-02
4.801466867067065e-02
3.000973714197112e-02
4.788289324969194e-02
4.732651068722286e-02
2.663628559731579e-02
2.346154246879451e-04
2.696621564270923e-02
4.749108937265438e-02
4.746881690152804e-02
2.656536877034758e-02
1.456037226953792e-04
2.690451315217639e-02
4.749034521228168e-02
4.741627724918848e-02
2.630054976119330e-02
1.217965131417032e-04
2.657619431799200e-02
4.754950106629015e-02
2.345307374707772e-02
4.219532077816743e-02
4.162119226384675e-02
4.244033369225993e-02
2.328323628535145e-02
4.229618827750766e-03
2.996686297340201e-02
3.165445132981404e-02
2.671828379607178e-02
0.000000000000000e+00
0.000000000000000e+00
0.000000000000000e+00
0.000000000000000e+00
3.150985132378991e-02
5.955557656519280e-02
5.187707198405959e-02
0.000000000000000e+00
0.000000000000000e+00
0.000000000000000e+00
0.000000000000000e+00
5.962226297682113e-02
5.671392835564504e-02
5.172748750477416e-02
0.000000000000000e+00
0.000000000000000e+00
0.000000000000000e+00
0.000000000000000e+00
5.639796117362768e-02
5.993252252543849e-02
5.179952682985618e-02
0.000000000000000e+00
0.000000000000000e+00
0.000000000000000e+00
0.000000000000000e+00
5.983575944719632e-02
3.150904964604706e-02
2.660550009325865e-02
0.000000000000000e+00
0.000000000000000e+00
0.000000000000000e+00
0.000000000000000e+00
3.152955769564869e-02
4.803021077080416e-02
4.807716371140514e-02
0.000000000000000e+00
0.000000000000000e+00
0.000000000000000e+00
0.000000000000000e+00
4.794045111813953e-02
2.966488131554475e-02
3.016310082809820e-02
0.000000000000000e+00
0.000000000000000e+00
0.000000000000000e+00
0.000000000000000e+00
2.963948785619645e-02
4.783377793922247e-02
4.800082600773804e-02
0.000000000000000e+00
0.000000000000000e+00
0.000000000000000e+00
0.000000000000000e+00
4.778555324716649e-02
4.763735186571560e-02
4.754209016512808e-02
0.000000000000000e+00
0.000000000000000e+00
0.000000000000000e+00
0.000000000000000e+00
4.735508238924627e-02
2.683008940828025e-02
2.640335042679504e-02
0.000000000000000e+00
0.000000000000000e+00
0.000000000000000e+00
0.000000000000000e+00
2.646395330477347e-02
1.861458811716806e-04
2.145446797644317e-04
0.000000000000000e+00
0.000000000000000e+00
0.000000000000000e+00
0.000000000000000e+00
1.879048971635081e-04
2.676752503326560e-02
2.648751160591742e-02
0.000000000000000e+00
0.000000000000000e+00
0.000000000000000e+00
0.000000000000000e+00
2.682048422200071e-02
4.758602659247361e-02
4.737146046682028e-02
0.000000000000000e+00
0.000000000000000e+00
0.000000000000000e+00
0.000000000000000e+00
4.743579625726810e-02
4.758787498575898e-02
4.773690401392136e-02
0.000000000000000e+00
0.000000000000000e+00
0.000000000000000e+00
0.000000000000000e+00
4.748307839924308e-02
2.686764957302283e-02
2.673808067993377e-02
0.000000000000000e+00
0.000000000000000e+00
0.000000000000000e+00
0.000000000000000e+00
2.644198439439815e-02
1.897870330826260e-04
1.457989523447612e-04
0.000000000000000e+00
0.000000000000000e+00
0.000000000000000e+00
0.000000000000000e+00
1.915950221926070e-04
2.678713205761600e-02
2.703578060351762e-02
0.000000000000000e+00
0.000000000000000e+00
0.000000000000000e+00
0.000000000000000e+00
2.676277203313086e-02
4.741265415459595e-02
4.757580414176726e-02
0.000000000000000e+00
0.000000000000000e+00
0.000000000000000e+00
0.000000000000000e+00
4.744767630343712e-02
4.775627668991304e-02
4.765514437773770e-02
0.000000000000000e+00
0.000000000000000e+00
0.000000000000000e+00
0.000000000000000e+00
4.758698293359714e-02
2.727061960401599e-02
2.611049774330626e-02
0.000000000000000e+00
0.000000000000000e+00
0.000000000000000e+00
0.000000000000000e+00
2.706542353889440e-02
6.062667306624414e-04
1.236074131043911e-04
0.000000000000000e+00
0.000000000000000e+00
0.000000000000000e+00
0.000000000000000e+00
6.012582379807581e-04
2.689809316409139e-02
2.701885568341602e-02
0.000000000000000e+00
0.000000000000000e+00
0.000000000000000e+00
0.000000000000000e+00
2.697895190312509e-02
4.739724350377836e-02
4.717187760009742e-02
0.000000000000000e+00
0.000000000000000e+00
0.000000000000000e+00
0.000000000000000e+00
4.780753936136953e-02
2.457911942941793e-02
2.330216704528236e-02
0.000000000000000e+00
0.000000000000000e+00
0.000000000000000e+00
0.000000000000000e+00
2.471649108815457e-02
4.500088761526841e-02
4.283665598714088e-02
0.000000000000000e+00
0.000000000000000e+00
0.000000000000000e+00
0.000000000000000e+00
4.482900330756262e-02
4.375943011362271e-02
4.154928508111904e-02
0.000000000000000e+00
0.000000000000000e+00
0.000000000000000e+00
0.000000000000000e+00
4.386845459934897e-02
4.487184665725353e-02
4.252894104380782e-02
0.000000000000000e+00
0.000000000000000e+00
0.000000000000000e+00
0.000000000000000e+00
4.491726658770445e-02
2.455399975691483e-02
2.332537218838601e-02
0.000000000000000e+00
0.000000000000000e+00
0.000000000000000e+00
0.000000000000000e+00
2.457853302865809e-02
3.974851000982937e-03
4.345846572783353e-03
0.000000000000000e+00
0.000000000000000e+00
4.211928863596932e-02
8.287870846521067e-02
4.196092010741101e-02
8.258019953306454e-02
1.647178696681901e-01
8.267034866730684e-02
8.234415572223952e-02
4.135093204240547e-02
8.252767219528324e-02
4.143550021884342e-02
1.653966152807698e-01
8.278732876109038e-02
0.000000000000000e+00
0.000000000000000e+00
0.000000000000000e+00
0.000000000000000e+00
4.194757731602294e-02
4.186139018565882e-02
4.193707710267821e-02
0.000000000000000e+00
0.000000000000000e+00
0.000000000000000e+00
0.000000000000000e+00
8.298763243995685e-02
8.281568400897174e-02
8.308605695735120e-02
0.000000000000000e+00
0.000000000000000e+00
0.000000000000000e+00
0.000000000000000e+00
4.178218787274091e-02
4.158370835089052e-02
4.176826503316989e-02
0.000000000000000e+00
0.000000000000000e+00
0.000000000000000e+00
0.000000000000000e+00
8.232415031185762e-02
8.273897359564823e-02
8.281037176251024e-02
0.000000000000000e+00
0.000000000000000e+00
0.000000000000000e+00
0.000000000000000e+00
1.637749587195382e-01
1.640858832543017e-01
1.629262689190606e-01
0.000000000000000e+00
0.000000000000000e+00
0.000000000000000e+00
0.000000000000000e+00
8.233058179515258e-02
8.234664162106735e-02
8.242286545282697e-02
0.000000000000000e+00
0.000000000000000e+00
0.000000000000000e+00
0.000000000000000e+00
8.228196063525198e-02
8.235714511829428e-02
8.297026562892522e-02
0.000000000000000e+00
0.000000000000000e+00
0.000000000000000e+00
0.000000000000000e+00
4.149849246823578e-02
4.163624722180733e-02
4.137256543738962e-02
0.000000000000000e+00
0.000000000000000e+00
0.000000000000000e+00
0.000000000000000e+00
8.241688221945273e-02
8.247065579053015e-02
8.245546947728145e-02
0.000000000000000e+00
0.000000000000000e+00
0.000000000000000e+00
0.000000000000000e+00
4.165797256549316e-02
4.178079879056896e-02
4.146635229214250e-02
0.000000000000000e+00
0.000000000000000e+00
0.000000000000000e+00
0.000000000000000e+00
1.643073252829102e-01
1.625761479663197e-01
1.634583859073852e-01
0.000000000000000e+00
0.000000000000000e+00
0.000000000000000e+00
0.000000000000000e+00
8.294663152870878e-02
8.257440840679919e-02
8.266207164221367e-02
