1.100542908291017e-03
1.119321903799203e-03
1.097918841446947e-03
1.102658392866891e-03
1.117607105438721e-03
1.113488252641439e-03
5.579527892900368e-04
5.560674323763811e-04
1.103471420513767e-03
1.114152357515702e-03
1.105351986936064e-03
1.098372658566504e-03
1.126179570749039e-03
1.107939103692144e-03
1.117699422292820e-03
1.108686195860015e-03
5.560372213020093e-04
5.553638003363031e-04
1.097254844325067e-03
1.099837139162010e-03
1.088914657234945e-03
1.103962349349887e-03
1.110498070138176e-03
1.101117758274730e-03
1.104250874313986e-03
1.106453979535936e-03
5.559777015794732e-04
2.769805017451787e-04
5.552834529760776e-04
5.548548274657204e-04
5.521517556765304e-04
5.564306207625047e-04
5.493750979891456e-04
5.498684377848339e-04
5.548660875897396e-04
5.448061006326928e-04
2.741115586314733e-04
2.768591680722858e-04
2.814999352503121e-04
5.642438942102821e-04
1.113771425903852e-03
1.123833702599036e-03
1.115921445118464e-03
1.111114521521076e-03
1.112449519669729e-03
1.100405048096388e-03
1.120544408460048e-03
1.120938647491194e-03
5.539751415009379e-04
5.535763993181208e-04
5.530790681945802e-04
1.106305020845862e-03
1.097505988191646e-03
1.090697294699864e-03
1.094943097763001e-03
5.568802130907123e-04
1.101188003849053e-03
1.103067070717354e-03
1.129454453006807e-03
1.096037107707168e-03
5.516371437645731e-04
5.591369385922313e-04
5.556496763876546e-04
1.098995880390800e-03
1.095268734443663e-03
1.116717456868198e-03
1.110163005124004e-03
5.602515472002746e-04
1.102935118945057e-03
1.100059567018530e-03
1.107647723289896e-03
1.104870558268375e-03
5.504974288513007e-04
5.567592520614771e-04
5.550637279084968e-04
1.112840391438907e-03
1.114406707015673e-03
1.125022319135441e-03
1.094406877008578e-03
5.603264126580169e-04
1.092952650848183e-03
1.104455370378109e-03
1.107508731695246e-03
1.103856689159032e-03
5.530106005345761e-04
5.500068367413777e-04
5.520869022110379e-04
1.095762276275070e-03
1.105430744948641e-03
1.110315420869698e-03
1.105305410968530e-03
5.473378640917109e-04
1.097287771657426e-03
1.115696763441267e-03
1.107737391231247e-03
1.113980528382346e-03
5.606713684430075e-04
5.498795228112307e-04
1.125690698187561e-03
1.116414789403835e-03
0.000000000000000e+00
0.000000000000000e+00
0.000000000000000e+00
0.000000000000000e+00
0.000000000000000e+00
0.000000000000000e+00
0.000000000000000e+00
0.000000000000000e+00
0.000000000000000e+00
0.000000000000000e+00
0.000000000000000e+00
0.000000000000000e+00
0.000000000000000e+00
0.000000000000000e+00
0.000000000000000e+00
0.000000000000000e+00
0.000000000000000e+00
0.000000000000000e+00
0.000000000000000e+00
0.000000000000000e+00
0.000000000000000e+00
0.000000000000000e+00
0.000000000000000e+00
0.000000000000000e+00
0.000000000000000e+00
0.000000000000000e+00
0.000000000000000e+00
0.000000000000000e+00
0.000000000000000e+00
0.000000000000000e+00
0.000000000000000e+00
0.000000000000000e+00
0.000000000000000e+00
0.000000000000000e+00
0.000000000000000e+00
0.000000000000000e+00
0.000000000000000e+00
0.000000000000000e+00
0.000000000000000e+00
0.000000000000000e+00
0.000000000000000e+00
0.000000000000000e+00
0.000000000000000e+00
0.000000000000000e+00
0.000000000000000e+00
0.000000000000000e+00
0.000000000000000e+00
0.000000000000000e+00
0.000000000000000e+00
0.000000000000000e+00
0.000000000000000e+00
0.000000000000000e+00
0.000000000000000e+00
0.000000000000000e+00
0.000000000000000e+00
0.000000000000000e+00
0.000000000000000e+00
0.000000000000000e+00
0.000000000000000e+00
0.000000000000000e+00
0.000000000000000e+00
0.000000000000000e+00
0.000000000000000e+00
0.000000000000000e+00
0.000000000000000e+00
0.000000000000000e+00
0.000000000000000e+00
0.000000000000000e+00
0.000000000000000e+00
0.000000000000000e+00
0.000000000000000e+00
0.000000000000000e+00
0.000000000000000e+00
0.000000000000000e+00
0.000000000000000e+00
0.000000000000000e+00
0.000000000000000e+00
0.000000000000000e+00
0.000000000000000e+00
0.000000000000000e+00
0.000000000000000e+00
0.000000000000000e+00
0.000000000000000e+00
0.000000000000000e+00
0.000000000000000e+00
0.000000000000000e+00
0.000000000000000e+00
0.000000000000000e+00
0.000000000000000e+00
0.000000000000000e+00
0.000000000000000e+00
0.000000000000000e+00
0.000000000000000e+00
0.000000000000000e+00
0.000000000000000e+00
0.000000000000000e+00
0.000000000000000e+00
0.000000000000000e+00
0.000000000000000e+00
0.000000000000000e+00
4.847639200152147e-03
1.670161834823941e-04
1.570808649100086e-04
1.568624530745950e-04
1.640145118812982e-04
1.636029729805843e-04
1.619293158268203e-04
1.739007795486042e-04
1.193489918528993e-04
7.265271934514277e-05
3.403971464544600e-05
1.648729109980409e-05
1.520028422098078e-05
1.488316320553090e-05
1.418408314242257e-05
1.507071064759982e-05
1.695975709825390e-05
3.312816848974304e-05
7.138012329527068e-05
6.433625938586863e-05
2.615474152738587e-05
8.617665716261953e-06
6.000587554254927e-06
4.916588655294447e-06
5.693039383973258e-06
6.391113407417527e-06
8.537309060990563e-06
3.144669928821463e-05
6.921402989444616e-05
3.320091032760462e-05
1.424355635465281e-05
3.993032809028216e-06
2.246344767777044e-06
1.926065488593408e-06
1.917602454386441e-06
2.293915103553459e-06
4.118775473021795e-06
1.351019188246155e-05
3.405191086829200e-05
1.580249071079334e-04
1.676015370786044e-04
1.643843955066337e-04
1.661147629640324e-04
1.554872621646789e-04
1.726569432831958e-04
1.607853357150559e-04
1.654529826229475e-04
1.639389707263210e-04
1.682167145140601e-04
1.664602822041923e-04
1.619855939985026e-04
1.688403707151498e-04
1.657122314890814e-04
1.635086784212899e-04
1.637142520092424e-04
1.641654415420433e-04
1.631132350327804e-04
1.671977170647405e-04
1.613624294176601e-04
1.682966084163405e-04
1.209155762494128e-04
1.231153995133650e-04
1.215349520993316e-04
6.980033754821384e-05
6.980819589583033e-05
7.318391333865866e-05
3.633348816615642e-05
3.733255002160304e-05
3.443487658697612e-05
9.553795444849224e-05
1.725331282188382e-05
1.554306363231985e-05
1.802858981423747e-05
1.459371519074478e-05
1.570173091030968e-05
1.471416446631210e-05
1.548651046757698e-05
1.499974917935221e-05
1.471601056768574e-05
1.459516332384465e-05
1.460983413348025e-05
1.467356973815092e-05
1.463875673909039e-05
1.397503846859200e-05
1.429383974776363e-05
1.761369473546018e-05
1.688613605426237e-05
1.590194823674135e-05
3.262417958778003e-05
3.667098995557188e-05
3.241979253876331e-05
7.207318774487421e-05
7.250619518547167e-05
7.648437331833062e-05
6.890369377155804e-05
6.957724185140356e-05
6.936700516683651e-05
2.955857953611450e-05
2.654489424583170e-05
2.810768317689763e-05
9.115747283237806e-06
8.893742789758823e-06
9.659780190652089e-06
6.060518293204995e-06
6.065021304573513e-06
5.825006414175797e-06
4.777839608733063e-06
5.238995640671569e-06
9.455012998804642e-05
5.397911710214885e-06
5.841211607923540e-06
5.725000136769156e-06
5.483150334128713e-06
6.143756903812755e-06
5.948976214743530e-06
6.474073903232163e-06
9.589238472654117e-06
9.247192493062327e-06
9.929304291755190e-06
3.032454618943081e-05
2.781552128926835e-05
2.804625379591819e-05
6.541360138329774e-05
6.829893492523469e-05
6.851562047767968e-05
3.500909941814790e-05
3.436679503967745e-05
3.090576310431408e-05
1.281080041777253e-05
1.313297962190781e-05
1.456934631588654e-05
4.151202714364939e-06
3.461059329442509e-06
4.023081676077348e-06
2.237904523970736e-06
2.229507914267423e-06
2.257592220719171e-06
1.781067180883676e-06
2.130940194309425e-06
1.910713255623878e-06
1.674251721030754e-06
1.972211902234261e-06
1.978562505691352e-06
2.317110794527949e-06
2.514887487394866e-06
2.326427149038494e-06
8.187204746481951e-05
4.145838841429062e-06
4.179309513074360e-06
4.357078479003355e-06
1.299562416581755e-05
1.441062347807425e-05
1.399311968323899e-05
3.516894166011048e-05
3.599700749893258e-05
3.516614641176977e-05
9.589640902550000e-05
9.252775974614644e-05
9.807810351222992e-05
9.463448326759233e-05
9.412438853756430e-05
9.649534503406620e-05
8.043173426966367e-05
8.235142266391871e-05
8.502459036078651e-05
6.096811323157403e-05
5.946584830892604e-05
6.587751327362706e-05
4.792274015533169e-05
5.080887875348403e-05
4.814761685311759e-05
4.919053813750538e-05
4.731222806133184e-05
4.966125975395348e-05
4.912168071692839e-05
4.920167002496453e-05
4.990718127782545e-05
4.792329912081828e-05
4.755874082028425e-05
4.883974969357680e-05
5.043812693577124e-05
4.766795908461826e-05
4.836335311829292e-05
4.990966996502455e-05
4.889232303527934e-05
4.781611075424030e-05
6.256636055357758e-05
6.266850672596451e-05
5.769166098791432e-05
8.049258742793895e-05
8.157890542335256e-05
6.057874747031048e-05
7.946386981574009e-05
1.781946783368422e-04
6.913254103241389e-05
1.760983175641011e-04
7.023651470474334e-05
1.708599949549153e-04
6.865308614144810e-05
1.778844827971413e-04
3.367689301027167e-05
3.388097405935709e-05
3.087870224381546e-05
1.312519752874465e-05
1.421910862974350e-05
1.336157854719354e-05
1.047249745314070e-05
1.074249938976237e-05
1.056405646284303e-05
9.925254247272582e-06
1.038408992003472e-05
9.105679099803919e-06
1.776964874390794e-04
9.674442547057134e-06
1.727297693026066e-04
9.611436375510154e-06
1.778032206640815e-04
1.014165112715515e-05
1.760443919861136e-04
1.061458952439848e-05
1.078992818654030e-05
1.069520661633766e-05
1.326284376193605e-05
1.295104449357180e-05
1.282945469831560e-05
2.988503698688197e-05
2.966758159416969e-05
3.249307804913005e-05
6.936235441684917e-05
6.631677315848772e-05
4.863836918858924e-05
6.966563303925874e-05
1.765308221602448e-04
6.529015924320299e-05
1.804623205016597e-04
7.084021987867605e-05
1.771402808624592e-04
7.030330434586716e-05
1.743001424300438e-04
2.972462553734431e-05
2.707951723445109e-05
2.716214058316124e-05
8.351289864795815e-06
8.477321709948668e-06
8.462281729144238e-06
5.815172465902522e-06
5.797935276513055e-06
5.758853010185578e-06
4.620361447738949e-06
4.551961676646535e-06
4.662419707208364e-06
1.767031597501582e-04
4.772536188672193e-06
1.787642619228385e-04
4.757183666328589e-06
1.761655718873765e-04
4.398371002055989e-06
1.767065685416899e-04
5.840771969782917e-06
5.848348800268657e-06
5.477336160055983e-06
8.461101188143848e-06
9.080163040884153e-06
8.606714047469365e-06
2.694157243736524e-05
2.628492183928259e-05
2.731695634482196e-05
6.929202017129430e-05
7.030612218292357e-05
4.872530852532614e-05
6.905592179239679e-05
1.770771435781494e-04
1.525235676664722e-04
1.747058795383878e-04
1.623021222355436e-04
1.701144472378668e-04
1.538863917456027e-04
1.808118883131251e-04
2.548158971815290e-04
2.423835058053344e-04
2.493522811758888e-04
2.355536804998658e-04
2.356046125819644e-04
2.315983071486813e-04
2.356656004307184e-04
2.421422661786230e-04
2.368911333824925e-04
2.338408845378339e-04
2.289413926641199e-04
2.409640488695945e-04
1.760690448333977e-04
2.335307249155939e-04
1.767980794977579e-04
2.340372284607335e-04
1.770024891354903e-04
2.275573133050304e-04
1.758290365021457e-04
2.235049639316047e-04
2.375819698270942e-04
2.280031286877313e-04
2.381689486884140e-04
2.387093998462887e-04
2.400797059815108e-04
2.522769580872583e-04
2.354466655472792e-04
2.542042463917739e-04
1.527513180417421e-04
1.579291534017864e-04
4.746886466990143e-05
1.603496782392901e-04
1.780940544474698e-04
2.405110847897368e-04
1.808828657057158e-04
2.460073194620554e-04
1.731981475853306e-04
2.283930149715739e-04
1.806092386309810e-04
4.818495395174889e-04
4.732975651186635e-04
4.883586926088554e-04
4.502911899599846e-04
4.865270435235799e-04
4.615205461840298e-04
4.752297628911277e-04
4.811771332200557e-04
4.612822787272150e-04
4.748411359632608e-04
4.751875868125650e-04
4.673425937570544e-04
1.785178793646821e-04
4.589019096110935e-04
1.811799715757287e-04
4.715639123360053e-04
1.877475376828646e-04
4.619076825372657e-04
1.732575382294913e-04
4.726197263052561e-04
4.686875320630345e-04
4.721743183612532e-04
4.601233591965218e-04
4.479622097511684e-04
4.763148204081447e-04
4.657118040929770e-04
4.680116889135531e-04
4.807653485092182e-04
2.433870733378986e-04
2.376803702011476e-04
4.822156164531703e-05
2.408511187601518e-04
1.195350762897946e-04
1.165428622051445e-04
1.203846286272308e-04
1.731231451922682e-04
1.608468926310824e-04
1.691519715255118e-04
4.834521031081244e-05
5.195202687093733e-05
5.854053398024863e-05
7.619696628520451e-05
7.024007923214102e-05
3.181072934952753e-05
1.324917043350700e-05
1.040205159688187e-05
1.010390131444869e-05
9.978364316502471e-06
1.027573093886402e-05
1.235997202381763e-05
3.465176417513915e-05
6.950713321240050e-05
6.751139352298020e-05
2.795942136974876e-05
8.212633453014181e-06
5.307959726286512e-06
4.528325882779120e-06
4.599147995487171e-06
5.432368901927524e-06
8.120489486771952e-06
2.977133577444865e-05
7.244549804366756e-05
1.617727504919624e-04
2.498372869982079e-04
2.419226870257273e-04
2.422156882034020e-04
2.333139686506475e-04
2.366210250965136e-04
2.421395723690491e-04
2.212849606666818e-04
2.547287367279229e-04
1.587808024210077e-04
2.314164761248610e-04
4.694569850952105e-04
4.704664228878045e-04
4.562090563395540e-04
4.657848916364005e-04
4.557330175358540e-04
4.753824525074611e-04
4.567615611728513e-04
4.596952499996661e-04
2.352362812643959e-04
1.171796754211616e-04
1.722871786344498e-04
1.836157444978415e-04
1.841043488007831e-04
7.605082734030247e-04
7.293852771452881e-04
7.379272171034507e-04
7.272622588819716e-04
7.431359897440311e-04
7.257309403812532e-04
7.231036499450607e-04
7.077265947128785e-04
7.359762614369867e-04
7.460931147141393e-04
3.616460768798397e-04
7.306976966800283e-04
7.414126026206910e-04
7.300555777815714e-04
7.368032879142818e-04
7.238254786688105e-04
7.311327603952674e-04
7.360154428972398e-04
7.280413535075808e-04
3.505204682418519e-04
3.535862884282687e-04
7.285362916302832e-04
3.649226899102584e-04
3.572960772623831e-04
3.684083425636147e-04
3.596158334182497e-04
3.636746030378265e-04
3.593636075381592e-04
3.601210843419375e-04
3.589707984709288e-04
3.717936485655005e-04
3.623929468084208e-04
7.456958182091272e-04
3.681873334468036e-04
3.567006420838424e-04
3.747592859738623e-04
3.485900483837067e-04
3.642846027467970e-04
3.769457816149475e-04
3.534734020932314e-04
3.673856579624408e-04
3.637226538661017e-04
7.223250536742225e-04
7.274767804073923e-04
7.006727645498686e-04
7.151080370169059e-04
7.217922854857370e-04
7.704791850568265e-04
7.154756297816829e-04
7.276371743191071e-04
7.195361840501024e-04
7.359963572564084e-04
7.284607616995125e-04
7.361339750081757e-04
7.315937699863858e-04
7.306139461403746e-04
7.294326926834721e-04
7.240618335208279e-04
7.485373607897830e-04
7.273678158101263e-04
7.312482485013846e-04
7.319988875185277e-04
7.351578237225503e-04
7.349513252599774e-04
7.077412490369609e-04
7.360845256437633e-04
7.525853439468574e-04
7.543577090179346e-04
7.374760084894986e-04
7.298462822467241e-04
7.464532860335402e-04
7.335556804784505e-04
7.379994516071758e-04
7.248226730968910e-04
7.315475262553665e-04
7.398324947389059e-04
7.121401098704062e-04
7.164318244280481e-04
7.408677661653139e-04
7.425317502978662e-04
7.384909730814019e-04
7.494462880574907e-04
7.157105120177998e-04
7.182042837824601e-04
7.257931584030460e-04
7.470244859052807e-04
7.160472157661290e-04
7.402543318491368e-04
7.206969421058299e-04
7.396514482871239e-04
7.486105291474938e-04
6.952873228980638e-04
7.374547498422777e-04
7.550386546917172e-04
7.565016940991016e-04
7.282855473454583e-04
7.244419480104411e-04
7.266465078895608e-04
7.230558348251233e-04
7.456919166749275e-04
7.236205920022994e-04
7.234864537545650e-04
7.358032874345617e-04
7.422194165468160e-04
3.756991538893681e-04
3.686110315304818e-04
3.650387212679732e-04
3.702756823809036e-04
3.652260712341580e-04
3.610591429153462e-04
3.641158310873071e-04
3.694859584316838e-04
3.699396475952852e-04
3.719207267873096e-04
3.610064452655560e-04
3.682460338022610e-04
3.601782312672073e-04
3.714814270565157e-04
3.581129615466320e-04
3.646256749563186e-04
1.896129031622199e-04
3.555480395366000e-04
1.768637051886616e-04
1.824419326898870e-04
1.908828794822813e-04
1.798591406205939e-04
1.862485448970335e-04
1.838734814633520e-04
3.607036969869063e-04
3.625681364692206e-04
3.526024754992467e-04
3.704177875704527e-04
7.143237882356453e-04
3.679762397940658e-04
3.681302089699469e-04
3.645187172471853e-04
3.680220300671402e-04
3.587423095428673e-04
3.572165358001887e-04
3.747165666437023e-04
3.715541935876317e-04
3.550437359359456e-04
3.720828671855650e-04
7.257398883187213e-04
3.640965209623446e-04
3.706034696195430e-04
3.590129094490934e-04
3.690459852484964e-04
3.577069617918547e-04
3.536010886670361e-04
3.540695331725788e-04
3.722335229756702e-04
3.516598913257538e-04
3.857068315541715e-04
7.208918167800913e-04
3.689766914868895e-04
3.599163593040008e-04
3.600484614806655e-04
3.668738588366469e-04
3.748923534322910e-04
3.705541953527530e-04
3.676803405262579e-04
3.648512545700403e-04
3.678906574639017e-04
3.623558867232074e-04
7.343865321653403e-04
3.687027445222678e-04
3.653588109457551e-04
3.700669188734472e-04
3.535030407330687e-04
3.642765819287906e-04
3.570016348965864e-04
3.554152571730181e-04
3.602340582257859e-04
3.609616404778174e-04
3.611378627656206e-04
7.088163574172849e-04
3.557439266342930e-04
3.667325864832244e-04
3.658894577592014e-04
3.571135918673206e-04
3.685611331978072e-04
3.750677428839674e-04
3.718804498444967e-04
3.675754211330356e-04
3.651472346521354e-04
3.584621084503515e-04
7.262266013428577e-04
3.641739028871973e-04
3.674573469697272e-04
3.660612621993032e-04
3.652804794530276e-04
3.625798343372954e-04
3.535032203203736e-04
3.637398426160247e-04
3.665302252631888e-04
3.607335601108747e-04
1.860303698923782e-04
7.369590484735294e-04
1.830695555255744e-04
1.806548066647655e-04
1.779969628159012e-04
1.804980157233557e-04
1.820436495771183e-04
1.792818538616370e-04
3.615674827406788e-04
3.634347215401086e-04
3.688919734206304e-04
3.669818155001638e-04
6.996086199745103e-04
3.670527524856109e-04
3.680699821223976e-04
3.516814440471866e-04
3.677948566160873e-04
3.711433270168908e-04
3.524624894398956e-04
3.652773232061435e-04
3.665834684094177e-04
3.693975206633715e-04
3.534075294697834e-04
3.683866169894009e-04
3.445950704196820e-04
3.638622044262382e-04
3.653804018294903e-04
3.589813312663629e-04
3.591958954437684e-04
3.668450350742057e-04
3.641908828668784e-04
3.574891425945472e-04
3.734790821567851e-04
3.529052978576596e-04
3.583664961692072e-04
1.837471743445333e-04
3.606832352583510e-04
3.576870567839446e-04
3.671169235193447e-04
3.653318638706505e-04
3.648630714147045e-04
3.743209178522127e-04
3.619851556702766e-04
3.590723236640879e-04
3.573646930819140e-04
3.576455249748384e-04
3.591688563301700e-04
3.560353923405104e-04
3.675044729233820e-04
3.631680545958605e-04
3.677766980947176e-04
3.699681929974037e-04
3.679768459012199e-04
3.676887654157004e-04
3.712718958133309e-04
3.656062598035345e-04
1.837163829786825e-04
1.825655729372275e-04
1.772061534859073e-04
1.835216205464867e-04
1.784747323922522e-04
1.876304939017183e-04
1.849789546896776e-04
1.842308949952015e-04
1.815879321993919e-04
1.839082316068558e-04
3.654964174733158e-04
1.802779595416813e-04
1.776109915353059e-04
1.832012266927071e-04
1.869351116534605e-04
1.858973462083552e-04
3.637542096004190e-04
3.542756185843503e-04
3.576895126403395e-04
3.678511145841977e-04
3.625695866367079e-04
3.668630184979532e-04
3.589173241060448e-04
3.511697167563147e-04
7.235287016680496e-04
7.127504687539865e-04
6.982946380302173e-04
7.347420836013218e-04
7.515435041147715e-04
7.083952611046869e-04
7.187389870241565e-04
7.185180272938543e-04
3.625672744501570e-04
7.378262710793500e-04
7.331372914444742e-04
7.418171769012355e-04
7.181592612451143e-04
7.314355535707432e-04
7.139320724061336e-04
7.251262340080955e-04
7.345139089510438e-04
7.057050926633558e-04
7.373077755919236e-04
3.656740629905106e-04
7.160424701715962e-04
7.103668872699480e-04
7.176702629725227e-04
7.507646833598023e-04
7.338111344403471e-04
7.197599228939487e-04
7.110153949867780e-04
7.086552092388894e-04
7.525308796069549e-04
7.494058988726119e-04
3.551291521478527e-04
7.182577065159940e-04
7.496713468680280e-04
7.326090264076596e-04
7.574207051939811e-04
7.377354043927384e-04
7.342489233929382e-04
7.418395085826033e-04
7.305160575901403e-04
7.404968061385696e-04
7.265989217434372e-04
