0.000000000000000e+00
0.000000000000000e+00
0.000000000000000e+00
0.000000000000000e+00
0.000000000000000e+00
0.000000000000000e+00
0.000000000000000e+00
0.000000000000000e+00
0.000000000000000e+00
0.000000000000000e+00
0.000000000000000e+00
0.000000000000000e+00
0.000000000000000e+00
0.000000000000000e+00
0.000000000000000e+00
0.000000000000000e+00
0.000000000000000e+00
0.000000000000000e+00
0.000000000000000e+00
0.000000000000000e+00
0.000000000000000e+00
0.000000000000000e+00
0.000000000000000e+00
0.000000000000000e+00
0.000000000000000e+00
0.000000000000000e+00
0.000000000000000e+00
0.000000000000000e+00
0.000000000000000e+00
0.000000000000000e+00
0.000000000000000e+00
0.000000000000000e+00
0.000000000000000e+00
0.000000000000000e+00
0.000000000000000e+00
0.000000000000000e+00
0.000000000000000e+00
0.000000000000000e+00
0.000000000000000e+00
0.000000000000000e+00
0.000000000000000e+00
0.000000000000000e+00
0.000000000000000e+00
0.000000000000000e+00
0.000000000000000e+00
0.000000000000000e+00
0.000000000000000e+00
0.000000000000000e+00
0.000000000000000e+00
0.000000000000000e+00
0.000000000000000e+00
0.000000000000000e+00
0.000000000000000e+00
0.000000000000000e+00
0.000000000000000e+00
0.000000000000000e+00
0.000000000000000e+00
0.000000000000000e+00
0.000000000000000e+00
0.000000000000000e+00
0.000000000000000e+00
0.000000000000000e+00
0.000000000000000e+00
0.000000000000000e+00
0.000000000000000e+00
0.000000000000000e+00
0.000000000000000e+00
0.000000000000000e+00
0.000000000000000e+00
0.000000000000000e+00
0.000000000000000e+00
0.000000000000000e+00
0.000000000000000e+00
0.000000000000000e+00
0.000000000000000e+00
0.000000000000000e+00
0.000000000000000e+00
0.000000000000000e+00
0.000000000000000e+00
0.000000000000000e+00
0.000000000000000e+00
0.000000000000000e+00
0.000000000000000e+00
0.000000000000000e+00
0.000000000000000e+00
0.000000000000000e+00
0.000000000000000e+00
0.000000000000000e+00
0.000000000000000e+00
0.000000000000000e+00
0.000000000000000e+00
0.000000000000000e+00
0.000000000000000e+00
0.000000000000000e+00
0.000000000000000e+00
0.000000000000000e+00
0.000000000000000e+00
0.000000000000000e+00
0.000000000000000e+00
0.000000000000000e+00
0.000000000000000e+00
0.000000000000000e+00
0.000000000000000e+00
0.000000000000000e+00
0.000000000000000e+00
0.000000000000000e+00
0.000000000000000e+00
0.000000000000000e+00
0.000000000000000e+00
0.000000000000000e+00
0.000000000000000e+00
0.000000000000000e+00
0.000000000000000e+00
0.000000000000000e+00
0.000000000000000e+00
0.000000000000000e+00
0.000000000000000e+00
0.000000000000000e+00
0.000000000000000e+00
0.000000000000000e+00
0.000000000000000e+00
0.000000000000000e+00
0.000000000000000e+00
0.000000000000000e+00
0.000000000000000e+00
0.000000000000000e+00
0.000000000000000e+00
0.000000000000000e+00
0.000000000000000e+00
0.000000000000000e+00
0.000000000000000e+00
0.000000000000000e+00
0.000000000000000e+00
0.000000000000000e+00
0.000000000000000e+00
0.000000000000000e+00
0.000000000000000e+00
0.000000000000000e+00
0.000000000000000e+00
0.000000000000000e+00
0.000000000000000e+00
0.000000000000000e+00
0.000000000000000e+00
0.000000000000000e+00
0.000000000000000e+00
0.000000000000000e+00
0.000000000000000e+00
0.000000000000000e+00
0.000000000000000e+00
0.000000000000000e+00
0.000000000000000e+00
0.000000000000000e+00
0.000000000000000e+00
0.000000000000000e+00
0.000000000000000e+00
0.000000000000000e+00
0.000000000000000e+00
0.000000000000000e+00
0.000000000000000e+00
0.000000000000000e+00
0.000000000000000e+00
0.000000000000000e+00
0.000000000000000e+00
0.000000000000000e+00
0.000000000000000e+00
0.000000000000000e+00
0.000000000000000e+00
0.000000000000000e+00
0.000000000000000e+00
0.000000000000000e+00
0.000000000000000e+00
0.000000000000000e+00
0.000000000000000e+00
0.000000000000000e+00
0.000000000000000e+00
0.000000000000000e+00
0.000000000000000e+00
0.000000000000000e+00
0.000000000000000e+00
0.000000000000000e+00
0.000000000000000e+00
0.000000000000000e+00
0.000000000000000e+00
0.000000000000000e+00
0.000000000000000e+00
0.000000000000000e+00
0.000000000000000e+00
0.000000000000000e+00
0.000000000000000e+00
0.000000000000000e+00
0.000000000000000e+00
0.000000000000000e+00
0.000000000000000e+00
0.000000000000000e+00
0.000000000000000e+00
0.000000000000000e+00
0.000000000000000e+00
0.000000000000000e+00
0.000000000000000e+00
0.000000000000000e+00
2.310231621377170e-01
5.876843544001531e-04
2.733267388634886e-04
2.612031139790360e-04
2.351535324010001e-04
3.103163046205282e-04
4.790840737882718e-04
2.164198336231493e-03
5.731396758164920e-03
5.486327197104401e-03
2.283287041564108e-03
6.554368989100111e-04
2.847885909318393e-04
2.110379714395094e-04
2.484133484585982e-04
3.110329349453878e-04
5.780718026358046e-04
2.153276554508921e-03
6.265766079195600e-03
6.356882727232005e-03
2.434392366922111e-03
6.345257399402725e-04
2.490065830613730e-04
1.624985814885349e-04
2.292791610045697e-04
2.952703773360100e-04
6.009673372204816e-04
2.645960787958757e-03
5.964207792203523e-03
2.660713936620596e-03
1.065614130766335e-03
2.537199032701665e-04
1.730615670112456e-04
9.471545261874326e-05
1.048399629013374e-04
1.751380901566790e-04
2.814856339909966e-04
1.004716792976978e-03
3.026529896487773e-03
5.379247648988893e-04
6.779952454962768e-04
6.253873371520059e-04
2.885794737608194e-04
2.732619527421320e-04
2.367045125311052e-04
2.562505834760032e-04
2.101093767805651e-04
2.065207413295411e-04
1.919384956465819e-04
1.518572734511281e-04
2.014940156129796e-04
3.307711899651622e-04
2.682284925015210e-04
2.459594033439316e-04
6.036411356831195e-04
5.635470890297255e-04
4.815178922967788e-04
2.547552689975419e-03
2.110022900069453e-03
2.244048548845968e-03
5.714676050956768e-03
6.114720633377147e-03
5.398314433477935e-03
5.942084072557918e-03
5.819093653371966e-03
5.521069028873171e-03
2.360129115459131e-03
2.589857507700799e-03
2.404490772278223e-03
2.747019594607991e-03
5.437682536921784e-04
5.912230196827296e-04
6.075689794897698e-04
2.863373390482593e-04
2.942600447966015e-04
3.025559201432771e-04
2.165951082702122e-04
2.105798313891683e-04
2.286245652669550e-04
2.375877934639448e-04
2.329614448228767e-04
2.015602833296270e-04
3.530399520172978e-04
3.361158236998563e-04
3.571881879338435e-04
5.750570833242817e-04
6.262992686743019e-04
6.588599612769031e-04
2.465860835172861e-03
2.254609052215528e-03
1.698790541468042e-03
5.844958535817568e-03
6.158750104987121e-03
6.654457870354236e-03
6.436256212509761e-03
5.888669060368557e-03
5.624332757179218e-03
2.249556388960627e-03
2.034630711477803e-03
2.282342514945412e-03
5.460536817736284e-04
5.557069485462307e-04
6.233480078208231e-04
2.769758695819746e-04
3.143925196127384e-04
2.658258837016093e-04
2.324565286926372e-04
2.037388826181541e-04
2.987498904076347e-03
2.368015858849048e-04
1.923112804149696e-04
2.263908775717027e-04
2.310714487521182e-04
3.022431880879139e-04
2.936411805194438e-04
2.508280986432965e-04
5.838146199153017e-04
5.937442715548969e-04
5.338461832025131e-04
2.256486406622571e-03
2.369172465250812e-03
2.137972637228814e-03
5.824259610562876e-03
5.823201790008171e-03
5.721685497519502e-03
2.681064359876472e-03
3.242037128984521e-03
2.868375256184663e-03
1.118246167948200e-03
1.161679922802250e-03
1.144896642244930e-03
3.073244249662821e-04
2.926298089391821e-04
2.710194909241181e-04
1.794181303296227e-04
1.488161644260799e-04
1.534275143200148e-04
9.805887442837501e-05
1.031725717126619e-04
8.499800583194883e-05
7.352963089601872e-05
9.754599231825978e-05
1.015266732764531e-04
1.703585599557300e-04
1.891131896343268e-04
1.432470593840662e-04
5.386347761486831e-03
3.422168022098049e-04
2.260339477970774e-04
2.850030951435656e-04
1.141712944104256e-03
1.120565307132892e-03
9.521065371700386e-04
2.880584832837485e-03
2.874767743378470e-03
3.004715580118500e-03
2.831278880876198e-03
3.045179679247667e-03
2.972932320972177e-03
2.707530500629218e-03
2.808435683164134e-03
3.036674629584013e-03
6.042895972313999e-03
5.908688222007186e-03
5.572953341470566e-03
2.356754156835450e-03
1.946422608170906e-03
2.058145976207015e-03
6.296250845139183e-04
5.507361771037723e-04
6.081293688566802e-04
3.607929670010890e-04
2.792063824301749e-04
2.899178738289265e-04
2.179393192704993e-04
2.106363629081898e-04
1.945518373247523e-04
2.460792971135106e-04
2.375748824192669e-04
2.611983228462122e-04
2.886445677461325e-04
2.837413339591421e-04
3.128375372511983e-04
6.153603235361514e-04
7.918838207388035e-04
4.693796246328929e-04
2.490417757599062e-03
2.400468991481830e-03
2.299541334878086e-03
6.337290880765067e-03
6.179093755235955e-03
2.574259118546252e-03
5.435420044705096e-03
1.173939142518066e-03
6.237523255549604e-03
1.185662755915473e-03
5.760372913755417e-03
1.214265241628709e-03
6.076717290852685e-03
1.096017466693411e-03
2.182166816055541e-03
2.316512643346869e-03
2.074504789334242e-03
5.295303923276151e-04
5.444338940492345e-04
6.313101009141064e-04
3.299774012361922e-04
3.782867975701265e-04
2.515488658900721e-04
2.473231252224650e-04
2.181047769056477e-04
2.081122248114297e-04
3.144631359077721e-04
2.225678229592632e-04
2.688244209139157e-04
2.179217710249759e-04
3.619147847757631e-04
1.993985973172130e-04
3.383188596899345e-04
3.101876752111820e-04
3.148401153225677e-04
3.425757715831423e-04
6.216995502654754e-04
5.105043998128167e-04
5.114127139336234e-04
2.151838675899854e-03
2.313548683105182e-03
2.281507895759205e-03
5.938220995631127e-03
5.639393461933651e-03
5.855978449176292e-04
5.520633093510696e-03
2.010862305610317e-04
5.935400346061214e-03
1.506561133624018e-04
5.890811177778233e-03
1.310914455103784e-04
5.540143048165191e-03
1.481627616612968e-04
2.485541962187199e-03
2.453622319308124e-03
2.686668099613599e-03
5.530850636432660e-04
6.294221252005627e-04
6.916013700219992e-04
2.358041259071797e-04
3.484529714796735e-04
2.941638373101796e-04
2.405571605663681e-04
2.001903079644762e-04
2.089173082993056e-04
1.105355423050014e-04
2.026503526337819e-04
1.338831077646319e-04
2.403178925476367e-04
1.117674503063881e-04
2.120889420211825e-04
1.072933500125828e-04
2.735823044304197e-04
2.274523732523903e-04
3.369208879462349e-04
5.935368866971659e-04
5.266893082875866e-04
5.033962443690143e-04
2.455146861620960e-03
2.148196953157822e-03
2.778310887151747e-03
6.006124701343651e-03
6.326825969154015e-03
3.324560524333720e-04
5.677403577465157e-03
1.263463479688198e-04
2.078138353681425e-02
1.107844887968667e-04
1.931660131231183e-02
8.430739963216638e-05
1.977558090766252e-02
1.193577207061480e-04
4.075062934498420e-02
3.869389123065048e-02
3.605941068963148e-02
3.768958974615089e-02
3.907710058047088e-02
3.798109504350578e-02
3.751056316104951e-02
3.986140248161973e-02
3.818643537670140e-02
3.934530673359404e-02
3.874357801032603e-02
3.929234181850916e-02
1.271993235434365e-04
3.890575335390167e-02
1.586440093035435e-04
3.931849794025766e-02
1.482729865784904e-04
3.707207375919097e-02
1.510042593935168e-04
3.919089448754676e-02
3.824227943550795e-02
3.721006331034005e-02
3.944901255454170e-02
3.970505192410201e-02
3.925368642012473e-02
3.841413648478920e-02
3.933896719900076e-02
3.900439789140364e-02
2.011340864737577e-02
1.936138936071075e-02
2.171701981410478e-04
1.942104108093190e-02
3.617065148091569e-04
2.039399216300808e-02
3.052624676342930e-04
1.919899604945385e-02
2.836344282002302e-04
1.915617217309773e-02
2.958914159023607e-04
3.984125093847979e-02
3.701992653077468e-02
3.977169092468103e-02
3.884939700947143e-02
3.989844467287185e-02
3.939147401251830e-02
3.889956405691920e-02
3.934019372900367e-02
3.705139022713411e-02
3.740349546569633e-02
3.836014207263361e-02
3.899945236480563e-02
1.119727609307120e-03
3.793533168209250e-02
1.124058947311823e-03
3.957380582505721e-02
9.624397599736766e-04
3.652619648346445e-02
1.127817119595420e-03
3.835129283106653e-02
3.873843298788415e-02
3.785647910262924e-02
3.840100177694694e-02
4.013561321335146e-02
3.933423840862815e-02
3.957760363482521e-02
3.898458869298338e-02
3.714104513710482e-02
2.021687926026062e-02
1.913059606704337e-02
1.848624350202499e-04
1.973342078599671e-02
5.999773467920022e-03
5.648276568535949e-03
5.521523436073039e-03
2.430822222549978e-03
2.173045576682853e-03
2.369724465324908e-03
2.398735678923458e-04
6.339212105785917e-04
2.403178348231450e-03
5.822892694595794e-03
6.076886616028787e-03
2.650124032243184e-03
5.572060920826516e-04
3.099295890081066e-04
2.393372496385382e-04
2.317363964152719e-04
3.073825920125728e-04
5.980029536658549e-04
2.201528842078915e-03
6.062246453439002e-03
5.864838542947837e-03
2.129513767158642e-03
6.649347328675503e-04
3.467891592094929e-04
2.070182687248235e-04
2.065172008940409e-04
3.052281600446349e-04
5.667178568842245e-04
2.375297880462313e-03
5.865385925062584e-03
2.054945976669842e-02
3.806545223051216e-02
3.699748694270966e-02
3.860131038163672e-02
3.871680369775277e-02
3.898372913681669e-02
3.888170794743927e-02
3.695292055635947e-02
3.788397258540500e-02
1.937571488633694e-02
2.026522375308559e-02
3.884588243454346e-02
3.830878543885773e-02
3.933929969207384e-02
3.994601334852632e-02
3.729531453427627e-02
3.759271604212700e-02
3.853444725609734e-02
3.744988933249260e-02
2.019770672450250e-02
5.793651776002663e-03
2.790772296521027e-03
1.634059620118933e-02
1.592750188137870e-02
6.323828605673043e-02
6.339752314670477e-02
6.063920494489138e-02
6.293013640242860e-02
6.182824943243759e-02
6.429225954343566e-02
6.609357894194547e-02
6.436557549750434e-02
6.439291874266929e-02
6.381706536922137e-02
3.162447030626936e-02
6.267370296700392e-02
6.660469221969834e-02
6.336098338942976e-02
6.537729034607764e-02
6.384081768919714e-02
6.390787784766870e-02
6.332099555584135e-02
6.001846254366683e-02
3.142652855967753e-02
3.226804143560003e-02
6.136211384728084e-02
3.165444394107908e-02
3.159021859391942e-02
3.303257354491507e-02
3.004125404913794e-02
3.140214327140711e-02
3.147771525254939e-02
3.341426081533428e-02
3.171228542123571e-02
3.102347799358541e-02
3.243698486039647e-02
6.506711617839755e-02
3.146390816982602e-02
3.394796638167464e-02
3.154959532912471e-02
3.191893356051878e-02
3.034970910448465e-02
3.171022396418267e-02
3.173266108933603e-02
3.181776207566145e-02
3.114901260050828e-02
6.136002529819963e-02
6.546506851736922e-02
6.751818615157390e-02
6.276458440697752e-02
6.452122658811277e-02
6.564613193040714e-02
6.557922939828131e-02
6.222965477354592e-02
6.342340834817151e-02
6.340354250278324e-02
6.318810176890112e-02
6.482696751481853e-02
6.521400422934677e-02
6.524517483921954e-02
6.487540806119797e-02
6.477448779332916e-02
6.424354807677446e-02
6.473978536814684e-02
6.514292952488175e-02
6.501072535320418e-02
6.526254329219228e-02
6.560538059420652e-02
6.189862959581659e-02
6.206726023083320e-02
6.492726220312761e-02
6.154075375525281e-02
6.646778388676468e-02
6.562826104345730e-02
6.384797491045903e-02
6.515168271289441e-02
6.642200328496983e-02
6.322280419408344e-02
6.430488935438917e-02
6.477242879918776e-02
6.124094351980601e-02
6.474794253153961e-02
6.420207264454802e-02
6.577071092760889e-02
6.453175799833842e-02
6.438070762669669e-02
6.369268340495184e-02
6.593539597815834e-02
6.284158980270148e-02
6.454697879235026e-02
6.699954621581126e-02
6.545034523151118e-02
6.620063678565204e-02
6.343929905415280e-02
6.587569992552743e-02
6.265551190153930e-02
6.605235472670758e-02
6.351939786691219e-02
6.361365842167289e-02
6.469497515354306e-02
6.710077188472495e-02
6.313158779812512e-02
6.317618127650348e-02
6.469205906614661e-02
6.520437917060917e-02
6.343668344197796e-02
6.280629135289928e-02
6.694937670545185e-02
3.013340388861251e-02
3.146310526062735e-02
3.125874024044606e-02
3.154120665203664e-02
3.261334903800161e-02
3.328322406377993e-02
3.302522421654430e-02
3.179455652207254e-02
3.220293682898046e-02
3.041031150860362e-02
3.138072825458949e-02
3.175362539332127e-02
3.278257077181479e-02
3.281279808652472e-02
3.179686180737918e-02
3.145692335237981e-02
1.591789529447851e-02
3.018335912565817e-02
1.603123479435453e-02
1.580714677766082e-02
1.576913296776183e-02
1.607836137736740e-02
1.569150938121311e-02
1.614992866416287e-02
3.177280654927016e-02
3.073790585040115e-02
3.186681588704232e-02
3.138487579781214e-02
6.195039014710347e-02
3.192594546999316e-02
3.180905568297022e-02
3.244750641897553e-02
3.221633999419282e-02
3.208305214138818e-02
3.195797809894430e-02
3.111433234153083e-02
3.065987588342978e-02
3.207817065049311e-02
3.015123290606425e-02
6.307962036225945e-02
3.179566975813942e-02
3.177598124239012e-02
3.130392235470936e-02
3.407299855462042e-02
3.196500971171190e-02
3.205853631880019e-02
3.167245767690474e-02
3.137876777691417e-02
3.136696057845256e-02
3.304892235246371e-02
6.261526792513905e-02
3.130712906568079e-02
3.162278074887580e-02
3.131620243220823e-02
3.097040963621112e-02
3.329609524007538e-02
3.108002644512453e-02
3.136475380961202e-02
3.162352454819484e-02
3.217172681252124e-02
3.182099341574940e-02
6.156288547936128e-02
3.334020598776988e-02
3.279042499707430e-02
3.216935010277667e-02
3.149138441222022e-02
3.287725002155639e-02
3.223169132252224e-02
3.155194987266441e-02
3.103243806617684e-02
3.263416310437606e-02
3.181848370877560e-02
6.230909845180575e-02
3.153302732243901e-02
3.178249318079907e-02
3.052929230761947e-02
3.116677758225706e-02
3.324595035883249e-02
3.228283122007270e-02
3.279225494043203e-02
3.271085571032017e-02
3.175941323570441e-02
3.128132021447527e-02
6.244403152959422e-02
3.282224335271167e-02
3.050422971864465e-02
3.012975877936697e-02
3.226490368615487e-02
3.278674540706560e-02
3.175598239977261e-02
3.257600390861626e-02
3.235458568815375e-02
3.292306264120271e-02
1.621214181250253e-02
6.436240326729602e-02
1.632251596674905e-02
1.537265221850248e-02
1.611239019621280e-02
1.538039807564928e-02
1.526909170934232e-02
1.572932738963572e-02
3.263086772858515e-02
3.182803488016361e-02
3.087016174322343e-02
3.170805413901689e-02
6.516441596613730e-02
3.143305281264474e-02
3.211822005687281e-02
3.132802194522810e-02
3.114401288985391e-02
3.129630210605683e-02
3.150507820100756e-02
3.291665660799482e-02
3.102709601080279e-02
3.225822673266521e-02
3.127498806861695e-02
3.104508265460027e-02
3.221451005083509e-02
3.203034583202680e-02
3.101154764954117e-02
3.177503302140394e-02
3.193923780418118e-02
3.182394398390898e-02
3.000717474060366e-02
3.236330193249159e-02
3.197529236786068e-02
3.248844247355009e-02
3.313525233170368e-02
1.603439963582787e-02
3.245772011359804e-02
3.022561776379007e-02
3.144005733338418e-02
3.261732664032024e-02
3.144453983259154e-02
3.174439686335972e-02
3.149865985324141e-02
3.333997693698620e-02
3.119496806903043e-02
3.288697359676008e-02
3.128563030986697e-02
3.305190001265145e-02
3.210951859000488e-02
3.180823553338997e-02
3.353086244169390e-02
3.140019264537841e-02
3.102922889229377e-02
3.378902484109857e-02
3.178958390344633e-02
3.230816226641764e-02
1.613458103020093e-02
1.543929368199315e-02
1.647811903058028e-02
1.569805087456189e-02
1.641508942702785e-02
1.622063762624748e-02
1.577126831216447e-02
1.594269558336237e-02
1.616401775027043e-02
1.570706389975384e-02
3.219517373145208e-02
1.629957763907442e-02
1.602760815694636e-02
1.559546444696025e-02
1.571777510253014e-02
1.565408543865487e-02
3.147357263515006e-02
3.083925959072075e-02
3.274372080340981e-02
3.223750625693356e-02
3.149664519150974e-02
3.329426283380598e-02
3.007368320686510e-02
3.299831444383016e-02
6.433642940100982e-02
6.388214534672443e-02
6.350376822956605e-02
6.518649350618944e-02
6.431028805673124e-02
6.287389335193438e-02
6.096440287365112e-02
6.804203268256971e-02
3.278999152462347e-02
6.271010972704970e-02
6.273415759642377e-02
6.462444228964161e-02
6.184355396544561e-02
6.413528340635821e-02
6.563550692953869e-02
6.446262899407884e-02
6.511639411473881e-02
6.562283278617542e-02
6.474895725114038e-02
3.259734996390761e-02
6.359773816075176e-02
6.286233737046130e-02
6.536551762837917e-02
6.513246215035906e-02
6.465098262560787e-02
6.461906821641604e-02
6.351031464873813e-02
6.670562233921372e-02
6.443514782586134e-02
6.483971061970804e-02
3.118550309955027e-02
6.373410465312192e-02
6.693709662795300e-02
6.221432561142139e-02
6.398662698484260e-02
6.236604096920929e-02
6.116756845585769e-02
6.452515246928671e-02
6.466828704287765e-02
6.463509191962657e-02
6.433555260446155e-02
