1.871558077036583e-02
1.877039695861276e-02
1.882012524793001e-02
1.887727184537945e-02
1.880841357180645e-02
1.862988746599790e-02
9.433373968300931e-03
9.406741065620342e-03
1.882386099380236e-02
1.875980374997644e-02
1.883383856183331e-02
1.880236192135317e-02
1.878958657297952e-02
1.880295499921384e-02
1.884333103085323e-02
1.873841749125075e-02
9.401237367538336e-03
9.360247306918201e-03
1.885217401515073e-02
1.893178182494833e-02
1.887444989066743e-02
1.886574872933660e-02
1.879736588502690e-02
1.887437092106098e-02
1.874318145363155e-02
1.880297917358316e-02
9.388350011253484e-03
4.691547654587741e-03
9.444328986664747e-03
9.354503476767610e-03
9.448677149893227e-03
9.399798992563758e-03
9.449971284464192e-03
9.305763919155581e-03
9.453479791264933e-03
9.467281744522413e-03
4.690500098583845e-03
4.702760532890980e-03
4.675863323772489e-03
9.432099979037729e-03
1.875459497920015e-02
1.900617602909577e-02
1.884682180978314e-02
1.896559209788022e-02
1.894468288004247e-02
1.888629049676068e-02
1.881478593555938e-02
1.880270036252366e-02
9.486242508192928e-03
9.455486263918548e-03
9.393447579930905e-03
1.885313776667432e-02
1.877612306089252e-02
1.871913762590521e-02
1.873313136249263e-02
9.399508094319598e-03
1.877821172640182e-02
1.870797067890368e-02
1.885263977466631e-02
1.882553063691011e-02
9.301803351648544e-03
9.348250373236664e-03
9.448629606966895e-03
1.886956022156616e-02
1.866977195212777e-02
1.876551373600998e-02
1.883876046342700e-02
9.433307085879141e-03
1.865896278579218e-02
1.864893364577335e-02
1.883856223359857e-02
1.889935271431695e-02
9.375764028772833e-03
9.398344501342963e-03
9.385351583645413e-03
1.873791627599350e-02
1.858955333659867e-02
1.885899279892378e-02
1.877788940147755e-02
9.347509025910831e-03
1.887774888626739e-02
1.887098328610684e-02
1.885038833507025e-02
1.883921171832098e-02
9.511338726797032e-03
9.346077903247044e-03
9.418233560795389e-03
1.888986669179553e-02
1.858543402406643e-02
1.877594900543341e-02
1.881825576336921e-02
9.307580220103875e-03
1.891798148331547e-02
1.891311598858353e-02
1.872974856241236e-02
1.880161735077810e-02
9.380706881486598e-03
9.452365352839250e-03
1.878499021955934e-02
1.871775807522931e-02
0.000000000000000e+00
0.000000000000000e+00
0.000000000000000e+00
0.000000000000000e+00
0.000000000000000e+00
0.000000000000000e+00
0.000000000000000e+00
0.000000000000000e+00
0.000000000000000e+00
0.000000000000000e+00
0.000000000000000e+00
0.000000000000000e+00
0.000000000000000e+00
0.000000000000000e+00
0.000000000000000e+00
0.000000000000000e+00
0.000000000000000e+00
0.000000000000000e+00
0.000000000000000e+00
0.000000000000000e+00
0.000000000000000e+00
0.000000000000000e+00
0.000000000000000e+00
0.000000000000000e+00
0.000000000000000e+00
0.000000000000000e+00
0.000000000000000e+00
0.000000000000000e+00
0.000000000000000e+00
0.000000000000000e+00
0.000000000000000e+00
0.000000000000000e+00
0.000000000000000e+00
0.000000000000000e+00
0.000000000000000e+00
0.000000000000000e+00
0.000000000000000e+00
0.000000000000000e+00
0.000000000000000e+00
0.000000000000000e+00
0.000000000000000e+00
0.000000000000000e+00
0.000000000000000e+00
0.000000000000000e+00
0.000000000000000e+00
0.000000000000000e+00
0.000000000000000e+00
0.000000000000000e+00
0.000000000000000e+00
0.000000000000000e+00
0.000000000000000e+00
0.000000000000000e+00
0.000000000000000e+00
0.000000000000000e+00
0.000000000000000e+00
0.000000000000000e+00
0.000000000000000e+00
0.000000000000000e+00
0.000000000000000e+00
0.000000000000000e+00
0.000000000000000e+00
0.000000000000000e+00
0.000000000000000e+00
0.000000000000000e+00
0.000000000000000e+00
0.000000000000000e+00
0.000000000000000e+00
0.000000000000000e+00
0.000000000000000e+00
0.000000000000000e+00
0.000000000000000e+00
0.000000000000000e+00
0.000000000000000e+00
0.000000000000000e+00
0.000000000000000e+00
0.000000000000000e+00
0.000000000000000e+00
0.000000000000000e+00
0.000000000000000e+00
0.000000000000000e+00
0.000000000000000e+00
0.000000000000000e+00
0.000000000000000e+00
0.000000000000000e+00
0.000000000000000e+00
0.000000000000000e+00
0.000000000000000e+00
0.000000000000000e+00
0.000000000000000e+00
0.000000000000000e+00
0.000000000000000e+00
0.000000000000000e+00
0.000000000000000e+00
0.000000000000000e+00
0.000000000000000e+00
0.000000000000000e+00
0.000000000000000e+00
0.000000000000000e+00
0.000000000000000e+00
0.000000000000000e+00
7.186271576416631e-02
2.512500020530844e-03
2.594913064435028e-03
2.505879869492377e-03
2.695937350919965e-03
2.476184074218863e-03
2.587831988754848e-03
2.692877883029356e-03
1.762657015505275e-03
9.913228954270879e-04
5.937422529173424e-04
3.707455816657160e-04
4.096708741478819e-04
4.036811453343563e-04
3.212974128529734e-04
3.603836411625649e-04
4.280647236761921e-04
5.819639965516163e-04
8.472184726411676e-04
8.568413825288782e-04
3.791759145152412e-04
1.710902964402226e-04
1.448740490875327e-04
1.359848690811568e-04
1.267563287746246e-04
1.541357284253421e-04
1.841094408103231e-04
4.388247858240931e-04
7.939315147068409e-04
4.129303093997154e-04
1.830245026697017e-04
6.754172105173874e-05
5.639403800076159e-05
4.161901916255647e-05
4.698359815590863e-05
3.970133695292466e-05
5.232710641641801e-05
1.664719342713162e-04
4.415105582556198e-04
2.505761415082706e-03
2.469143289154217e-03
2.431440338402462e-03
2.534402402041529e-03
2.611569406350049e-03
2.464328963504004e-03
2.656844978291505e-03
2.532255718045853e-03
2.624192053290839e-03
2.499878179402365e-03
2.471144725480890e-03
2.521968919540674e-03
2.537970740406337e-03
2.708836995842554e-03
2.656111689088778e-03
2.713820340624933e-03
2.580591966596383e-03
2.575262726879641e-03
2.825279896533295e-03
2.616850498781229e-03
2.743544339329322e-03
1.766469716453300e-03
1.570317372887276e-03
1.616596281882078e-03
8.998844514635694e-04
9.256847485741354e-04
9.975576667279674e-04
5.768329363000340e-04
6.122904910480537e-04
6.045781621489870e-04
1.261012058841978e-03
3.989456633824183e-04
3.585661566774403e-04
4.175294076180692e-04
3.939539079340464e-04
4.124804394956385e-04
3.177807220209526e-04
3.747976088700161e-04
3.825034912705974e-04
3.520317491051583e-04
3.625058989725729e-04
3.762474414883888e-04
3.664055772868834e-04
3.736031683908625e-04
3.864216780864188e-04
3.749952343392127e-04
3.978682419597576e-04
3.595980245229124e-04
4.063634678819279e-04
5.496889471613939e-04
5.567233864540933e-04
6.384078249396063e-04
9.315405866359130e-04
9.787163647325126e-04
8.822094620612980e-04
8.405114449629549e-04
7.757264518939446e-04
8.689520364727633e-04
3.803891656755226e-04
4.149323752672571e-04
3.642769988865634e-04
2.049543573438544e-04
1.609027135757967e-04
1.753180410915223e-04
1.118672088018484e-04
1.415390815223897e-04
1.527558881606432e-04
1.368411202061681e-04
1.272328156665889e-04
1.297453409694810e-03
1.222696413736118e-04
1.425735430762368e-04
1.219351537197716e-04
1.319788613142874e-04
1.456209741454547e-04
1.726632546615051e-04
1.287495432975661e-04
1.938415004936799e-04
1.775884046860716e-04
1.643652387115584e-04
3.717741255354065e-04
3.644441293961273e-04
3.933790867585433e-04
8.674546357464256e-04
8.127573551785845e-04
7.818161769788997e-04
3.898285769911083e-04
4.103726611255880e-04
4.050633904451699e-04
1.740734639776631e-04
1.903015418311879e-04
1.635198660527414e-04
5.205988835199876e-05
6.313081778038279e-05
6.510070151876643e-05
3.956095248712614e-05
5.785724206716473e-05
4.551797350486908e-05
4.380314195363589e-05
4.136979652384116e-05
4.035975171254877e-05
3.955505054149120e-05
3.740123699548844e-05
4.079515791518966e-05
5.292233415914848e-05
4.932242431982301e-05
5.002811445090901e-05
1.174332238752695e-03
6.406204092733156e-05
5.652041832995755e-05
6.515220425715508e-05
1.965256990730373e-04
1.503132444122321e-04
1.865402491904209e-04
3.824455231474970e-04
3.861549038483113e-04
4.256801235957855e-04
1.271628636035307e-03
1.255846499750844e-03
1.308996671045431e-03
1.290924214720913e-03
1.226705707706317e-03
1.230054663669541e-03
1.142726366123230e-03
1.221031983226754e-03
1.161792892659523e-03
1.247814565544050e-03
1.195334830091957e-03
1.285233971088982e-03
1.154940768402117e-03
1.229232030026866e-03
1.160963308885669e-03
1.139488712985421e-03
1.157827288825544e-03
1.149946645880083e-03
1.134308145640000e-03
1.040008866520458e-03
1.202475737336206e-03
1.040592375359936e-03
1.111781158861992e-03
1.111240559528059e-03
1.036387747449298e-03
1.229939633962190e-03
1.190326404401408e-03
1.102181718257831e-03
1.096516958440225e-03
1.163680608723851e-03
1.288068113712214e-03
1.289190106628310e-03
1.263424963079798e-03
1.186123891748086e-03
1.211113642400638e-03
1.244981027280051e-03
1.073570747807581e-03
2.256536761836615e-03
8.183261729679487e-04
2.419399890856145e-03
8.534591868078382e-04
2.516975099198256e-03
8.706474655744532e-04
2.400159913219977e-03
5.450591525303297e-04
4.934454638591490e-04
5.257101384158713e-04
2.782559303612687e-04
2.855521579284032e-04
2.623677793946811e-04
2.730420980763978e-04
2.744041475161748e-04
2.937944343299213e-04
2.758403316885352e-04
2.969976641730841e-04
2.664343867654778e-04
2.291503979793580e-03
2.980702003586113e-04
2.321441518760302e-03
2.700604666186746e-04
2.421481102601577e-03
2.950047392389417e-04
2.421385412389684e-03
2.649270644750644e-04
3.079634099132885e-04
2.804817602348350e-04
2.742522267139752e-04
3.101254043428674e-04
3.141383748317338e-04
5.327674929961558e-04
4.948387637075998e-04
5.229561741175524e-04
8.318124996159885e-04
8.581849738304132e-04
1.110021164048908e-03
8.954953932603233e-04
2.441064557735178e-03
8.526371575243965e-04
2.171616432927722e-03
8.514537214196107e-04
2.344452899463574e-03
8.682436267251286e-04
2.368924210620735e-03
4.205261228749832e-04
3.809122385916987e-04
3.713563873972183e-04
1.531720398558447e-04
1.622248501245599e-04
1.593219994110239e-04
1.145492921238904e-04
1.329087435391879e-04
1.451344901445109e-04
1.472193909994281e-04
1.177779050548398e-04
1.337040551082034e-04
2.362168481660996e-03
1.363591688994719e-04
2.360105803598709e-03
1.307256091272708e-04
2.566255356870758e-03
1.370100260209790e-04
2.429220325486514e-03
1.155204848205311e-04
1.367523549438188e-04
1.215924316713817e-04
1.710703274038983e-04
1.604595168049178e-04
1.483133063928232e-04
3.442233270880420e-04
3.942778193013088e-04
4.311335087716433e-04
9.363405083910715e-04
8.493837910465279e-04
1.108728338922946e-03
8.327993175169662e-04
2.443788001892229e-03
1.633190576249177e-03
2.575242984478030e-03
1.756661369007593e-03
2.407536923471258e-03
1.692987893294639e-03
2.469307674865597e-03
2.442978764879219e-03
2.494321096254775e-03
2.651390837666606e-03
2.400991914430764e-03
2.302377409660941e-03
2.349502119402352e-03
2.371854748541635e-03
2.442979167785375e-03
2.259073861896820e-03
2.447379104454815e-03
2.370954253284439e-03
2.418447823611067e-03
2.442227747805656e-03
2.172656132261589e-03
2.422144487586353e-03
2.257437659999966e-03
2.500690438211540e-03
2.205279040753682e-03
2.482589274823453e-03
2.559334839293483e-03
2.322810190970008e-03
2.151611135049476e-03
2.056772062408312e-03
2.077757228056355e-03
2.213260208784902e-03
2.674018248803834e-03
2.413359521775219e-03
2.539187718448557e-03
1.488853878064700e-03
1.602644145355191e-03
1.064906553116513e-03
1.700218850064607e-03
2.467993999346096e-03
2.767248718619786e-03
2.353038426727811e-03
2.694099091586205e-03
2.402719374571803e-03
2.774698453432106e-03
2.482350955832567e-03
5.382195687270088e-03
5.440618288513514e-03
5.587436082802603e-03
5.371345021600505e-03
5.390363400851234e-03
5.297519318038256e-03
5.404071879880677e-03
5.070513126181719e-03
5.130363626839686e-03
5.179574584653469e-03
5.234192140165821e-03
5.502757699039995e-03
2.389499822161871e-03
5.349368908263393e-03
2.429102273982998e-03
5.692484193060967e-03
2.551297667306670e-03
5.066498166343711e-03
2.379106656431680e-03
5.139057132953556e-03
5.355492678918473e-03
5.680042853890082e-03
5.231256565917981e-03
5.430181004559314e-03
5.372612967271374e-03
5.353267831128662e-03
5.304902170428789e-03
5.569810147224745e-03
2.818240924546347e-03
2.701689239193664e-03
1.207239901170078e-03
2.802609575890523e-03
1.750615963599725e-03
1.801564051302276e-03
1.796808549950744e-03
2.589596113356024e-03
2.963275859098036e-03
2.663757437745674e-03
1.207683702300190e-03
1.175819667551688e-03
1.230340424860219e-03
1.107263170689036e-03
8.464485189783041e-04
5.431621192611594e-04
3.006561779717862e-04
2.548527234219250e-04
2.671596178450979e-04
3.031410009583349e-04
3.175678112994878e-04
2.731672759825365e-04
4.875947628508520e-04
8.680366336878206e-04
7.893769124370179e-04
4.294076098919555e-04
1.570593791691477e-04
1.500645128153936e-04
1.354630930191683e-04
1.136643213444934e-04
1.140811907162841e-04
1.961018795700669e-04
4.110278368974478e-04
8.132882847647900e-04
1.611668538149137e-03
2.440587516847249e-03
2.065444013042870e-03
2.470526465985514e-03
2.287219072831491e-03
1.928808261658571e-03
2.443100643991211e-03
2.103142733279994e-03
2.425432806173197e-03
1.686671835676918e-03
2.776677125561004e-03
5.468667003423981e-03
5.613407413576113e-03
5.575424644499472e-03
5.579774822258726e-03
5.237622886078579e-03
5.269433132855343e-03
5.488122938759415e-03
5.371131481338172e-03
2.730820764396619e-03
1.685193975899115e-03
2.516495640873396e-03
2.196305313408770e-03
2.160327002454968e-03
8.798854792119630e-03
8.876851783108160e-03
8.776563606169040e-03
9.021573256670991e-03
9.113748515266093e-03
8.714861751727261e-03
8.640310414179238e-03
8.900068041591424e-03
8.665360701481630e-03
9.072230647582462e-03
4.466185722751165e-03
8.800891885641052e-03
8.733002198465494e-03
8.408460484523147e-03
8.347831972079212e-03
9.323086466398465e-03
8.507998450201018e-03
8.844271985574687e-03
8.763277372790394e-03
4.189903302283677e-03
4.350778895238891e-03
8.550613834251814e-03
4.326990510015040e-03
4.408955320821403e-03
4.303919700653856e-03
4.221857386557899e-03
4.184480185432740e-03
4.427027273513229e-03
4.371078113157462e-03
4.426076414986615e-03
4.408981509721500e-03
4.377585450472432e-03
8.895596589079411e-03
4.160960135708346e-03
4.425778264431658e-03
4.383682226415104e-03
4.548310084395045e-03
4.372169988838445e-03
4.220382750029337e-03
4.481747167189036e-03
4.405844885302143e-03
4.472550028380986e-03
8.631796201304498e-03
8.582500633198093e-03
8.690925902850555e-03
8.460834255656389e-03
8.509951739242131e-03
8.794121450606641e-03
9.011581989830757e-03
9.154753080507819e-03
8.432254510433177e-03
9.350974018846792e-03
8.795468768790112e-03
9.031259120645476e-03
8.549721800023880e-03
8.926783942940010e-03
9.092496021383980e-03
9.226317271820121e-03
8.891403141814583e-03
8.323741407238848e-03
8.594923035779675e-03
8.811236904085678e-03
8.800249653229434e-03
9.210063231701211e-03
8.820660073246877e-03
8.846794178107145e-03
9.037356702400459e-03
8.500521317770137e-03
8.704735108418835e-03
8.642751219668317e-03
8.630662423383357e-03
8.926652595533368e-03
8.764077544414909e-03
8.760294255616224e-03
8.541156820973565e-03
8.724240601211374e-03
8.766812471397387e-03
8.663489605296211e-03
8.706740775260138e-03
8.810631739040349e-03
8.561097452413877e-03
8.871713118002895e-03
8.970919894821074e-03
8.602610485223650e-03
8.890016338827888e-03
8.920226242355623e-03
9.069766473536375e-03
8.629239358842682e-03
8.728055316690174e-03
8.800711383683459e-03
8.705266138731575e-03
8.681885494536934e-03
8.401020419458557e-03
8.594765096566778e-03
8.592450803610480e-03
8.992190922386333e-03
8.933261062293332e-03
8.743442302762784e-03
8.748028986435227e-03
8.839454033769080e-03
8.545326093869071e-03
8.879112892451954e-03
8.821283771975351e-03
8.908141475132218e-03
4.328681104242865e-03
4.353521880344479e-03
4.393781875011126e-03
4.364316944964625e-03
4.282590251696070e-03
4.450782217526187e-03
4.639976875422104e-03
4.358350307710127e-03
4.429379842554284e-03
4.219321495216160e-03
4.510137143613080e-03
4.433126869798988e-03
4.278667960273791e-03
4.430351652200975e-03
4.565517803383655e-03
4.415039606673261e-03
2.178979140010489e-03
4.258456575897088e-03
2.133763802539257e-03
2.167185069578166e-03
2.179084499970111e-03
2.194310122127504e-03
2.272519646112978e-03
2.265208309565018e-03
4.522299268818311e-03
4.489558711728856e-03
4.521588542360283e-03
4.397421729218510e-03
8.862596157519761e-03
4.528215139897234e-03
4.452767739059725e-03
4.584762212987532e-03
4.489347185997301e-03
4.470907379985647e-03
4.313734091691892e-03
4.282248587276338e-03
4.059845598244611e-03
4.534348983206200e-03
4.444369966063878e-03
8.934099107096445e-03
4.321156428885651e-03
4.554364958097562e-03
4.181898765695446e-03
4.420592459306220e-03
4.392634801186861e-03
4.469718806827381e-03
4.308073260209302e-03
4.275249301545692e-03
4.381980350814930e-03
4.349389271909109e-03
9.133161339642907e-03
4.329809644383985e-03
4.344070104846250e-03
4.473935622649217e-03
4.517054639394190e-03
4.318651561317873e-03
4.214607493198628e-03
4.455907183822170e-03
4.548920084314235e-03
4.284552404672597e-03
4.464871845778586e-03
8.873742153401211e-03
4.216570049081312e-03
4.447532779383332e-03
4.180636863616909e-03
4.535124577555238e-03
4.650909331041222e-03
4.430280337811480e-03
4.339313797682409e-03
4.307206609069156e-03
4.564213596158804e-03
4.402313412850548e-03
8.683098242064520e-03
4.428969281181988e-03
4.402305354727441e-03
4.384641545970981e-03
4.374964948838071e-03
4.310791668039412e-03
4.115278232909227e-03
4.337978969589752e-03
4.378336870452149e-03
4.256493214202094e-03
4.349498459477207e-03
8.713105080889962e-03
4.414679811476538e-03
4.494396808842235e-03
4.332751665130311e-03
4.321140312639436e-03
4.220437142360309e-03
4.372435503994818e-03
4.320458595424594e-03
4.278696566610820e-03
4.346091082121458e-03
2.182652435428765e-03
8.876352179475532e-03
2.221057450156207e-03
2.175658387478139e-03
2.022868113795301e-03
2.225821009630846e-03
2.133112504739142e-03
2.142964567502706e-03
4.285878771735992e-03
4.424582036056442e-03
4.378893686758836e-03
4.426269809941179e-03
8.902050339875721e-03
4.428426163684584e-03
4.396712211478948e-03
4.354356298992197e-03
4.405811041185093e-03
4.198517838791099e-03
4.397441068713965e-03
4.275138099446818e-03
4.289780917850504e-03
4.524316619938121e-03
4.312902493387263e-03
4.431976975631636e-03
4.367001911583841e-03
4.515560663370173e-03
4.405848108551386e-03
4.486549002748434e-03
4.473031904142779e-03
4.461352057605497e-03
4.532811493317406e-03
4.395217026736464e-03
4.463703820834242e-03
4.433797305641481e-03
4.577643667034905e-03
2.184247137991618e-03
4.424562696560984e-03
4.414865551214151e-03
4.311548325799149e-03
4.385967107222063e-03
4.329086024928986e-03
4.189452853202003e-03
4.325704030661025e-03
4.193469021758477e-03
4.505994462523828e-03
4.387973579875680e-03
4.332138844868032e-03
4.462966099663806e-03
4.422403119568338e-03
4.335950740003746e-03
4.529428693237133e-03
4.382441275456644e-03
4.539853487100518e-03
4.312141806565971e-03
4.670136818586576e-03
4.370554738061669e-03
2.134688472165773e-03
2.159709347318824e-03
2.257018033239174e-03
2.226206993727666e-03
2.220104577098817e-03
2.227462449307719e-03
2.222730517966275e-03
2.157924271597571e-03
2.275462271218537e-03
2.186453452098285e-03
4.609022401319294e-03
2.140500796362773e-03
2.125650279836006e-03
2.097365059012353e-03
2.175265755429756e-03
2.255973499031443e-03
4.215048272532576e-03
4.523959645084485e-03
4.400420559732739e-03
4.272160622958820e-03
4.371331541129174e-03
4.299605784448581e-03
4.622851752195340e-03
4.445312363561230e-03
8.407334764725116e-03
8.699764858086502e-03
8.977883724810048e-03
8.774902021184396e-03
9.131811604022504e-03
8.797430921766642e-03
8.961896408565978e-03
8.954647321019018e-03
4.296843056941384e-03
8.568267570354390e-03
8.667476764609499e-03
8.917979637633420e-03
8.876550409303964e-03
8.805960445075287e-03
8.468176011619073e-03
8.639367613775732e-03
9.051563979250219e-03
8.922621922355302e-03
8.949569091837056e-03
4.172474387815783e-03
8.648368537286127e-03
8.776669167581738e-03
8.372623593629872e-03
8.658396065680347e-03
8.285035824519520e-03
8.661715206588072e-03
8.801082057346374e-03
8.753328814002625e-03
8.532478222387445e-03
8.770839115513900e-03
4.241701320520929e-03
9.300070049368251e-03
8.531472568623704e-03
8.948400663986555e-03
9.036517851785031e-03
8.845228484787478e-03
8.606869203285643e-03
8.404035769125155e-03
8.621859729701390e-03
8.927845197753186e-03
9.042242342440167e-03
